0 0.932707
0.001 0.932425
0.002 0.931578
0.003 0.930167
0.004 0.928193
0.005 0.925656
0.006 0.922558
0.007 0.918898
0.008 0.91468
0.009 0.909904
0.01 0.904572
0.011 0.898687
0.012 0.89225
0.013 0.885265
0.014 0.877733
0.015 0.869658
0.016 0.861042
0.017 0.85189
0.018 0.842204
0.019 0.831989
0.02 0.821248
0.021 0.809985
0.022 0.798205
0.023 0.785912
0.024 0.773112
0.025 0.759809
0.026 0.746007
0.027 0.731714
0.028 0.716933
0.029 0.701671
0.03 0.685934
0.031 0.669728
0.032 0.653059
0.033 0.635934
0.034 0.618359
0.035 0.600341
0.036 0.581887
0.037 0.563004
0.038 0.5437
0.039 0.523983
0.04 0.503859
0.041 0.483337
0.042 0.462425
0.043 0.441131
0.044 0.419463
0.045 0.39743
0.046 0.375041
0.047 0.352303
0.048 0.329227
0.049 0.305822
0.05 0.282095
0.051 0.258058
0.052 0.233719
0.053 0.209087
0.054 0.184173
0.055 0.158986
0.056 0.133537
0.057 0.107835
0.058 0.0818903
0.059 0.0557132
0.06 0.0293142
0.061 0.00270357
0.062 0.0241081
0.063 0.0511103
0.064 0.0782924
0.065 0.105644
0.066 0.133153
0.067 0.16081
0.068 0.188603
0.069 0.216522
0.07 0.244555
0.071 0.272692
0.072 0.300922
0.073 0.329232
0.074 0.357612
0.075 0.386052
0.076 0.414539
0.077 0.443062
0.078 0.471611
0.079 0.500174
0.08 0.528739
0.081 0.557296
0.082 0.585834
0.083 0.614341
0.084 0.642806
0.085 0.671217
0.086 0.699565
0.087 0.727838
0.088 0.756025
0.089 0.784114
0.09 0.812096
0.091 0.839959
0.092 0.867692
0.093 0.895285
0.094 0.922728
0.095 0.950009
0.096 0.977118
0.097 1.00405
0.098 1.03078
0.099 1.05731
0.1 1.08363
0.101 1.10973
0.102 1.1356
0.103 1.16122
0.104 1.1866
0.105 1.21171
0.106 1.23655
0.107 1.26112
0.108 1.28539
0.109 1.30937
0.11 1.33304
0.111 1.3564
0.112 1.37944
0.113 1.40214
0.114 1.42451
0.115 1.44653
0.116 1.4682
0.117 1.4895
0.118 1.51044
0.119 1.531
0.12 1.55118
0.121 1.57097
0.122 1.59036
0.123 1.60935
0.124 1.62793
0.125 1.64609
0.126 1.66384
0.127 1.68116
0.128 1.69804
0.129 1.71449
0.13 1.73051
0.131 1.74607
0.132 1.76118
0.133 1.77584
0.134 1.79004
0.135 1.80378
0.136 1.81706
0.137 1.82986
0.138 1.84219
0.139 1.85405
0.14 1.86542
0.141 1.87632
0.142 1.88674
0.143 1.89667
0.144 1.90611
0.145 1.91507
0.146 1.92353
0.147 1.93151
0.148 1.93899
0.149 1.94599
0.15 1.95249
0.151 1.9585
0.152 1.96402
0.153 1.96904
0.154 1.97357
0.155 1.97762
0.156 1.98117
0.157 1.98423
0.158 1.98681
0.159 1.9889
0.16 1.9905
0.161 1.99163
0.162 1.99227
0.163 1.99244
0.164 1.99213
0.165 1.99135
0.166 1.9901
0.167 1.98838
0.168 1.98621
0.169 1.98357
0.17 1.98048
0.171 1.97693
0.172 1.97294
0.173 1.96851
0.174 1.96364
0.175 1.95833
0.176 1.9526
0.177 1.94645
0.178 1.93987
0.179 1.93288
0.18 1.92549
0.181 1.91769
0.182 1.9095
0.183 1.90091
0.184 1.89195
0.185 1.8826
0.186 1.87289
0.187 1.86281
0.188 1.85237
0.189 1.84158
0.19 1.83044
0.191 1.81897
0.192 1.80717
0.193 1.79505
0.194 1.78261
0.195 1.76986
0.196 1.75681
0.197 1.74347
0.198 1.72984
0.199 1.71594
0.2 1.70177
0.201 1.68734
0.202 1.67265
0.203 1.65772
0.204 1.64255
0.205 1.62716
0.206 1.61155
0.207 1.59572
0.208 1.57969
0.209 1.56347
0.21 1.54706
0.211 1.53047
0.212 1.51372
0.213 1.4968
0.214 1.47974
0.215 1.46253
0.216 1.44519
0.217 1.42773
0.218 1.41014
0.219 1.39246
0.22 1.37467
0.221 1.35679
0.222 1.33884
0.223 1.32081
0.224 1.30272
0.225 1.28457
0.226 1.26638
0.227 1.24815
0.228 1.2299
0.229 1.21163
0.23 1.19334
0.231 1.17505
0.232 1.15677
0.233 1.13851
0.234 1.12026
0.235 1.10205
0.236 1.08388
0.237 1.06576
0.238 1.0477
0.239 1.0297
0.24 1.01177
0.241 0.993929
0.242 0.976173
0.243 0.958513
0.244 0.940959
0.245 0.923517
0.246 0.906194
0.247 0.888999
0.248 0.871939
0.249 0.855021
0.25 0.838252
0.251 0.821639
0.252 0.805189
0.253 0.78891
0.254 0.772807
0.255 0.756888
0.256 0.741158
0.257 0.725625
0.258 0.710294
0.259 0.695172
0.26 0.680264
0.261 0.665576
0.262 0.651114
0.263 0.636883
0.264 0.622889
0.265 0.609137
0.266 0.595632
0.267 0.582379
0.268 0.569383
0.269 0.556648
0.27 0.544179
0.271 0.531981
0.272 0.520056
0.273 0.50841
0.274 0.497045
0.275 0.485966
0.276 0.475177
0.277 0.46468
0.278 0.454478
0.279 0.444575
0.28 0.434973
0.281 0.425675
0.282 0.416684
0.283 0.408001
0.284 0.399629
0.285 0.391569
0.286 0.383824
0.287 0.376395
0.288 0.369283
0.289 0.36249
0.29 0.356016
0.291 0.349863
0.292 0.34403
0.293 0.338519
0.294 0.33333
0.295 0.328464
0.296 0.323919
0.297 0.319695
0.298 0.315793
0.299 0.312212
0.3 0.308951
0.301 0.30601
0.302 0.303386
0.303 0.301079
0.304 0.299087
0.305 0.29741
0.306 0.296044
0.307 0.294989
0.308 0.294241
0.309 0.2938
0.31 0.293662
0.311 0.293824
0.312 0.294285
0.313 0.295041
0.314 0.29609
0.315 0.297427
0.316 0.299051
0.317 0.300956
0.318 0.303141
0.319 0.3056
0.32 0.30833
0.321 0.311328
0.322 0.314588
0.323 0.318107
0.324 0.32188
0.325 0.325903
0.326 0.330171
0.327 0.334679
0.328 0.339423
0.329 0.344397
0.33 0.349596
0.331 0.355015
0.332 0.360649
0.333 0.366493
0.334 0.37254
0.335 0.378786
0.336 0.385224
0.337 0.391849
0.338 0.398655
0.339 0.405636
0.34 0.412786
0.341 0.420099
0.342 0.427569
0.343 0.435189
0.344 0.442954
0.345 0.450857
0.346 0.458892
0.347 0.467052
0.348 0.475331
0.349 0.483722
0.35 0.492218
0.351 0.500814
0.352 0.509503
0.353 0.518277
0.354 0.527131
0.355 0.536058
0.356 0.54505
0.357 0.554102
0.358 0.563206
0.359 0.572356
0.36 0.581545
0.361 0.590767
0.362 0.600014
0.363 0.609281
0.364 0.61856
0.365 0.627844
0.366 0.637128
0.367 0.646404
0.368 0.655666
0.369 0.664908
0.37 0.674122
0.371 0.683303
0.372 0.692443
0.373 0.701538
0.374 0.710579
0.375 0.719562
0.376 0.728479
0.377 0.737325
0.378 0.746093
0.379 0.754778
0.38 0.763373
0.381 0.771873
0.382 0.780272
0.383 0.788563
0.384 0.796742
0.385 0.804803
0.386 0.81274
0.387 0.820548
0.388 0.828221
0.389 0.835755
0.39 0.843144
0.391 0.850383
0.392 0.857467
0.393 0.864391
0.394 0.871152
0.395 0.877743
0.396 0.88416
0.397 0.8904
0.398 0.896458
0.399 0.902329
0.4 0.90801
0.401 0.913497
0.402 0.918785
0.403 0.923871
0.404 0.928752
0.405 0.933425
0.406 0.937884
0.407 0.942129
0.408 0.946155
0.409 0.94996
0.41 0.95354
0.411 0.956894
0.412 0.960018
0.413 0.962911
0.414 0.965569
0.415 0.967991
0.416 0.970175
0.417 0.972119
0.418 0.973821
0.419 0.97528
0.42 0.976494
0.421 0.977462
0.422 0.978182
0.423 0.978655
0.424 0.978878
0.425 0.978851
0.426 0.978573
0.427 0.978045
0.428 0.977265
0.429 0.976233
0.43 0.97495
0.431 0.973416
0.432 0.97163
0.433 0.969593
0.434 0.967305
0.435 0.964768
0.436 0.961981
0.437 0.958947
0.438 0.955665
0.439 0.952137
0.44 0.948364
0.441 0.944348
0.442 0.94009
0.443 0.935591
0.444 0.930855
0.445 0.925882
0.446 0.920674
0.447 0.915234
0.448 0.909564
0.449 0.903667
0.45 0.897544
0.451 0.891199
0.452 0.884634
0.453 0.877852
0.454 0.870856
0.455 0.86365
0.456 0.856235
0.457 0.848616
0.458 0.840796
0.459 0.832778
0.46 0.824565
0.461 0.816163
0.462 0.807573
0.463 0.798801
0.464 0.789849
0.465 0.780723
0.466 0.771425
0.467 0.76196
0.468 0.752333
0.469 0.742548
0.47 0.732608
0.471 0.72252
0.472 0.712285
0.473 0.701911
0.474 0.691401
0.475 0.680759
0.476 0.669991
0.477 0.659102
0.478 0.648095
0.479 0.636977
0.48 0.625751
0.481 0.614424
0.482 0.602999
0.483 0.591483
0.484 0.579879
0.485 0.568194
0.486 0.556432
0.487 0.544598
0.488 0.532698
0.489 0.520737
0.49 0.508719
0.491 0.496651
0.492 0.484537
0.493 0.472383
0.494 0.460194
0.495 0.447974
0.496 0.43573
0.497 0.423467
0.498 0.411189
0.499 0.398902
0.5 0.386611
0.501 0.374322
0.502 0.362039
0.503 0.349768
0.504 0.337513
0.505 0.32528
0.506 0.313074
0.507 0.300901
0.508 0.288764
0.509 0.276669
0.51 0.26462
0.511 0.252624
0.512 0.240684
0.513 0.228805
0.514 0.216993
0.515 0.205251
0.516 0.193585
0.517 0.181999
0.518 0.170498
0.519 0.159085
0.52 0.147767
0.521 0.136546
0.522 0.125427
0.523 0.114415
0.524 0.103513
0.525 0.0927264
0.526 0.0820583
0.527 0.0715129
0.528 0.0610941
0.529 0.0508058
0.53 0.0406516
0.531 0.0306352
0.532 0.0207602
0.533 0.01103
0.534 0.00144819
0.535 0.00798205
0.536 0.0172574
0.537 0.0263748
0.538 0.0353311
0.539 0.0441233
0.54 0.0527486
0.541 0.0612041
0.542 0.0694871
0.543 0.0775951
0.544 0.0855255
0.545 0.0932758
0.546 0.100844
0.547 0.108227
0.548 0.115424
0.549 0.122432
0.55 0.129249
0.551 0.135874
0.552 0.142304
0.553 0.148538
0.554 0.154575
0.555 0.160413
0.556 0.16605
0.557 0.171486
0.558 0.176719
0.559 0.181749
0.56 0.186573
0.561 0.191192
0.562 0.195605
0.563 0.199811
0.564 0.203809
0.565 0.2076
0.566 0.211182
0.567 0.214555
0.568 0.21772
0.569 0.220676
0.57 0.223423
0.571 0.225962
0.572 0.228292
0.573 0.230414
0.574 0.232329
0.575 0.234037
0.576 0.235539
0.577 0.236834
0.578 0.237925
0.579 0.238812
0.58 0.239497
0.581 0.239979
0.582 0.240261
0.583 0.240343
0.584 0.240227
0.585 0.239915
0.586 0.239408
0.587 0.238707
0.588 0.237815
0.589 0.236733
0.59 0.235462
0.591 0.234006
0.592 0.232366
0.593 0.230543
0.594 0.228541
0.595 0.226361
0.596 0.224007
0.597 0.221479
0.598 0.218781
0.599 0.215915
0.6 0.212884
0.601 0.209691
0.602 0.206338
0.603 0.202827
0.604 0.199163
0.605 0.195347
0.606 0.191384
0.607 0.187275
0.608 0.183023
0.609 0.178633
0.61 0.174107
0.611 0.169448
0.612 0.16466
0.613 0.159746
0.614 0.154709
0.615 0.149553
0.616 0.14428
0.617 0.138896
0.618 0.133402
0.619 0.127803
0.62 0.122102
0.621 0.116303
0.622 0.110409
0.623 0.104424
0.624 0.0983514
0.625 0.0921951
0.626 0.0859587
0.627 0.0796459
0.628 0.0732603
0.629 0.0668058
0.63 0.0602859
0.631 0.0537045
0.632 0.0470653
0.633 0.0403719
0.634 0.0336281
0.635 0.0268377
0.636 0.0200044
0.637 0.0131318
0.638 0.00622362
0.639 0.000716361
0.64 0.00768451
0.641 0.0146772
0.642 0.0216907
0.643 0.0287215
0.644 0.0357659
0.645 0.0428203
0.646 0.0498813
0.647 0.0569453
0.648 0.0640087
0.649 0.0710682
0.65 0.0781203
0.651 0.0851615
0.652 0.0921885
0.653 0.0991981
0.654 0.106187
0.655 0.113152
0.656 0.120089
0.657 0.126996
0.658 0.133869
0.659 0.140706
0.66 0.147504
0.661 0.154258
0.662 0.160968
0.663 0.167628
0.664 0.174238
0.665 0.180793
0.666 0.187292
0.667 0.193732
0.668 0.20011
0.669 0.206423
0.67 0.212669
0.671 0.218846
0.672 0.224952
0.673 0.230983
0.674 0.236938
0.675 0.242814
0.676 0.248611
0.677 0.254324
0.678 0.259953
0.679 0.265496
0.68 0.27095
0.681 0.276315
0.682 0.281588
0.683 0.286767
0.684 0.291851
0.685 0.296839
0.686 0.301729
0.687 0.306519
0.688 0.311209
0.689 0.315797
0.69 0.320282
0.691 0.324663
0.692 0.328939
0.693 0.333108
0.694 0.337171
0.695 0.341126
0.696 0.344972
0.697 0.348708
0.698 0.352335
0.699 0.355851
0.7 0.359256
0.701 0.362549
0.702 0.36573
0.703 0.368799
0.704 0.371756
0.705 0.3746
0.706 0.37733
0.707 0.379948
0.708 0.382453
0.709 0.384845
0.71 0.387125
0.711 0.389291
0.712 0.391345
0.713 0.393287
0.714 0.395117
0.715 0.396835
0.716 0.398443
0.717 0.399939
0.718 0.401326
0.719 0.402603
0.72 0.403771
0.721 0.404831
0.722 0.405784
0.723 0.406629
0.724 0.407369
0.725 0.408004
0.726 0.408535
0.727 0.408962
0.728 0.409287
0.729 0.409511
0.73 0.409635
0.731 0.40966
0.732 0.409587
0.733 0.409417
0.734 0.409152
0.735 0.408793
0.736 0.40834
0.737 0.407796
0.738 0.407161
0.739 0.406437
0.74 0.405626
0.741 0.404728
0.742 0.403746
0.743 0.40268
0.744 0.401532
0.745 0.400304
0.746 0.398998
0.747 0.397614
0.748 0.396154
0.749 0.39462
0.75 0.393014
0.751 0.391337
0.752 0.38959
0.753 0.387777
0.754 0.385897
0.755 0.383953
0.756 0.381946
0.757 0.379879
0.758 0.377752
0.759 0.375568
0.76 0.373329
0.761 0.371035
0.762 0.368689
0.763 0.366293
0.764 0.363848
0.765 0.361356
0.766 0.358818
0.767 0.356237
0.768 0.353615
0.769 0.350952
0.77 0.348251
0.771 0.345514
0.772 0.342742
0.773 0.339936
0.774 0.3371
0.775 0.334233
0.776 0.331339
0.777 0.328419
0.778 0.325474
0.779 0.322507
0.78 0.319518
0.781 0.31651
0.782 0.313485
0.783 0.310443
0.784 0.307387
0.785 0.304317
0.786 0.301237
0.787 0.298147
0.788 0.295049
0.789 0.291944
0.79 0.288835
0.791 0.285722
0.792 0.282607
0.793 0.279491
0.794 0.276377
0.795 0.273265
0.796 0.270157
0.797 0.267055
0.798 0.263959
0.799 0.260871
0.8 0.257793
0.801 0.254725
0.802 0.25167
0.803 0.248627
0.804 0.2456
0.805 0.242588
0.806 0.239593
0.807 0.236617
0.808 0.23366
0.809 0.230723
0.81 0.227808
0.811 0.224915
0.812 0.222046
0.813 0.219202
0.814 0.216383
0.815 0.213591
0.816 0.210827
0.817 0.208091
0.818 0.205384
0.819 0.202707
0.82 0.200062
0.821 0.197448
0.822 0.194866
0.823 0.192318
0.824 0.189804
0.825 0.187324
0.826 0.18488
0.827 0.182471
0.828 0.180099
0.829 0.177764
0.83 0.175466
0.831 0.173206
0.832 0.170985
0.833 0.168802
0.834 0.166659
0.835 0.164555
0.836 0.162491
0.837 0.160467
0.838 0.158484
0.839 0.156542
0.84 0.154641
0.841 0.152781
0.842 0.150962
0.843 0.149185
0.844 0.147449
0.845 0.145755
0.846 0.144103
0.847 0.142493
0.848 0.140925
0.849 0.139398
0.85 0.137914
0.851 0.136471
0.852 0.135069
0.853 0.13371
0.854 0.132391
0.855 0.131114
0.856 0.129879
0.857 0.128684
0.858 0.12753
0.859 0.126416
0.86 0.125343
0.861 0.124309
0.862 0.123316
0.863 0.122361
0.864 0.121446
0.865 0.12057
0.866 0.119732
0.867 0.118932
0.868 0.118169
0.869 0.117444
0.87 0.116756
0.871 0.116105
0.872 0.115489
0.873 0.114909
0.874 0.114364
0.875 0.113854
0.876 0.113378
0.877 0.112936
0.878 0.112527
0.879 0.112152
0.88 0.111808
0.881 0.111496
0.882 0.111216
0.883 0.110967
0.884 0.110747
0.885 0.110558
0.886 0.110398
0.887 0.110267
0.888 0.110164
0.889 0.110089
0.89 0.110042
0.891 0.110021
0.892 0.110026
0.893 0.110057
0.894 0.110114
0.895 0.110195
0.896 0.1103
0.897 0.110429
0.898 0.110582
0.899 0.110757
0.9 0.110955
0.901 0.111174
0.902 0.111415
0.903 0.111677
0.904 0.111959
0.905 0.112261
0.906 0.112583
0.907 0.112924
0.908 0.113284
0.909 0.113662
0.91 0.114057
0.911 0.114471
0.912 0.114901
0.913 0.115348
0.914 0.115812
0.915 0.116292
0.916 0.116787
0.917 0.117297
0.918 0.117823
0.919 0.118363
0.92 0.118917
0.921 0.119485
0.922 0.120067
0.923 0.120663
0.924 0.121272
0.925 0.121893
0.926 0.122527
0.927 0.123174
0.928 0.123833
0.929 0.124504
0.93 0.125186
0.931 0.12588
0.932 0.126585
0.933 0.127301
0.934 0.128029
0.935 0.128767
0.936 0.129515
0.937 0.130274
0.938 0.131044
0.939 0.131823
0.94 0.132613
0.941 0.133412
0.942 0.134222
0.943 0.13504
0.944 0.135869
0.945 0.136707
0.946 0.137555
0.947 0.138411
0.948 0.139277
0.949 0.140153
0.95 0.141037
0.951 0.14193
0.952 0.142833
0.953 0.143744
0.954 0.144665
0.955 0.145594
0.956 0.146532
0.957 0.147479
0.958 0.148434
0.959 0.149399
0.96 0.150372
0.961 0.151354
0.962 0.152345
0.963 0.153344
0.964 0.154352
0.965 0.155369
0.966 0.156394
0.967 0.157428
0.968 0.158471
0.969 0.159522
0.97 0.160582
0.971 0.16165
0.972 0.162727
0.973 0.163813
0.974 0.164907
0.975 0.16601
0.976 0.167122
0.977 0.168242
0.978 0.169371
0.979 0.170508
0.98 0.171654
0.981 0.172808
0.982 0.173971
0.983 0.175142
0.984 0.176322
0.985 0.17751
0.986 0.178707
0.987 0.179912
0.988 0.181126
0.989 0.182347
0.99 0.183577
0.991 0.184815
0.992 0.186062
0.993 0.187316
0.994 0.188579
0.995 0.189849
0.996 0.191128
0.997 0.192414
0.998 0.193708
0.999 0.19501
