0 1.09331
0.001 1.09314
0.002 1.09264
0.003 1.09181
0.004 1.09063
0.005 1.08911
0.006 1.08723
0.007 1.085
0.008 1.08239
0.009 1.07941
0.01 1.07603
0.011 1.07225
0.012 1.06806
0.013 1.06343
0.014 1.05835
0.015 1.0528
0.016 1.04677
0.017 1.04024
0.018 1.0332
0.019 1.02561
0.02 1.01747
0.021 1.00875
0.022 0.999436
0.023 0.989509
0.024 0.97895
0.025 0.96774
0.026 0.955861
0.027 0.943296
0.028 0.930029
0.029 0.916044
0.03 0.901326
0.031 0.885861
0.032 0.869637
0.033 0.852643
0.034 0.834867
0.035 0.816303
0.036 0.796942
0.037 0.776779
0.038 0.75581
0.039 0.734032
0.04 0.711445
0.041 0.68805
0.042 0.66385
0.043 0.638849
0.044 0.613053
0.045 0.586472
0.046 0.559114
0.047 0.530992
0.048 0.502119
0.049 0.472511
0.05 0.442184
0.051 0.411157
0.052 0.37945
0.053 0.347085
0.054 0.314085
0.055 0.280474
0.056 0.246279
0.057 0.211526
0.058 0.176243
0.059 0.14046
0.06 0.104206
0.061 0.0675135
0.062 0.0304128
0.063 0.00706333
0.064 0.0448822
0.065 0.0830107
0.066 0.121415
0.067 0.160063
0.068 0.198919
0.069 0.237951
0.07 0.277124
0.071 0.316406
0.072 0.355764
0.073 0.395166
0.074 0.434579
0.075 0.473973
0.076 0.513317
0.077 0.552581
0.078 0.591737
0.079 0.630757
0.08 0.669614
0.081 0.708283
0.082 0.746738
0.083 0.784956
0.084 0.822916
0.085 0.860595
0.086 0.897975
0.087 0.935036
0.088 0.971762
0.089 1.00814
0.09 1.04414
0.091 1.07977
0.092 1.115
0.093 1.14984
0.094 1.18425
0.095 1.21825
0.096 1.25182
0.097 1.28494
0.098 1.31763
0.099 1.34987
0.1 1.38166
0.101 1.41299
0.102 1.44387
0.103 1.47428
0.104 1.50424
0.105 1.53374
0.106 1.56278
0.107 1.59135
0.108 1.61947
0.109 1.64712
0.11 1.67432
0.111 1.70106
0.112 1.72734
0.113 1.75317
0.114 1.77854
0.115 1.80346
0.116 1.82793
0.117 1.85193
0.118 1.87549
0.119 1.89859
0.12 1.92123
0.121 1.94342
0.122 1.96514
0.123 1.98641
0.124 2.0072
0.125 2.02753
0.126 2.04739
0.127 2.06677
0.128 2.08566
0.129 2.10407
0.13 2.12198
0.131 2.13938
0.132 2.15628
0.133 2.17266
0.134 2.18852
0.135 2.20384
0.136 2.21861
0.137 2.23283
0.138 2.24649
0.139 2.25958
0.14 2.27208
0.141 2.284
0.142 2.2953
0.143 2.306
0.144 2.31607
0.145 2.32551
0.146 2.3343
0.147 2.34244
0.148 2.34992
0.149 2.35673
0.15 2.36286
0.151 2.3683
0.152 2.37304
0.153 2.37708
0.154 2.38041
0.155 2.38303
0.156 2.38493
0.157 2.3861
0.158 2.38655
0.159 2.38627
0.16 2.38526
0.161 2.38351
0.162 2.38103
0.163 2.37782
0.164 2.37389
0.165 2.36922
0.166 2.36384
0.167 2.35773
0.168 2.35092
0.169 2.34339
0.17 2.33517
0.171 2.32627
0.172 2.31668
0.173 2.30641
0.174 2.29549
0.175 2.28393
0.176 2.27172
0.177 2.25889
0.178 2.24545
0.179 2.23142
0.18 2.21681
0.181 2.20163
0.182 2.1859
0.183 2.16963
0.184 2.15285
0.185 2.13557
0.186 2.1178
0.187 2.09956
0.188 2.08087
0.189 2.06175
0.19 2.04221
0.191 2.02227
0.192 2.00194
0.193 1.98125
0.194 1.96021
0.195 1.93884
0.196 1.91714
0.197 1.89515
0.198 1.87286
0.199 1.85031
0.2 1.8275
0.201 1.80444
0.202 1.78116
0.203 1.75766
0.204 1.73396
0.205 1.71006
0.206 1.68599
0.207 1.66175
0.208 1.63735
0.209 1.61281
0.21 1.58813
0.211 1.56332
0.212 1.5384
0.213 1.51337
0.214 1.48824
0.215 1.46302
0.216 1.43771
0.217 1.41233
0.218 1.38688
0.219 1.36137
0.22 1.3358
0.221 1.31019
0.222 1.28453
0.223 1.25884
0.224 1.23313
0.225 1.20739
0.226 1.18163
0.227 1.15587
0.228 1.1301
0.229 1.10434
0.23 1.07859
0.231 1.05286
0.232 1.02716
0.233 1.00149
0.234 0.975862
0.235 0.950284
0.236 0.924765
0.237 0.899313
0.238 0.873937
0.239 0.848647
0.24 0.823453
0.241 0.798364
0.242 0.773391
0.243 0.748545
0.244 0.723837
0.245 0.699279
0.246 0.674881
0.247 0.650657
0.248 0.626618
0.249 0.602777
0.25 0.579147
0.251 0.55574
0.252 0.532571
0.253 0.509651
0.254 0.486994
0.255 0.464614
0.256 0.442525
0.257 0.420738
0.258 0.399269
0.259 0.37813
0.26 0.357334
0.261 0.336895
0.262 0.316825
0.263 0.297136
0.264 0.277841
0.265 0.258951
0.266 0.240479
0.267 0.222435
0.268 0.20483
0.269 0.187673
0.27 0.170976
0.271 0.154747
0.272 0.138994
0.273 0.123726
0.274 0.10895
0.275 0.0946724
0.276 0.0808999
0.277 0.0676378
0.278 0.0548909
0.279 0.0426634
0.28 0.0309587
0.281 0.0197796
0.282 0.00912823
0.283 0.000993932
0.284 0.0105861
0.285 0.0196483
0.286 0.0281808
0.287 0.036185
0.288 0.0436624
0.289 0.0506156
0.29 0.0570472
0.291 0.0629609
0.292 0.0683605
0.293 0.0732504
0.294 0.0776355
0.295 0.0815211
0.296 0.0849128
0.297 0.0878167
0.298 0.090239
0.299 0.0921865
0.3 0.0936658
0.301 0.0946842
0.302 0.0952487
0.303 0.0953669
0.304 0.0950461
0.305 0.0942938
0.306 0.0931177
0.307 0.0915254
0.308 0.0895244
0.309 0.0871222
0.31 0.0843262
0.311 0.0811439
0.312 0.0775823
0.313 0.0736487
0.314 0.0693498
0.315 0.0646926
0.316 0.0596835
0.317 0.0543288
0.318 0.0486349
0.319 0.0426076
0.32 0.0362527
0.321 0.0295758
0.322 0.0225822
0.323 0.015277
0.324 0.00766528
0.325 0.000248271
0.326 0.00845902
0.327 0.0169625
0.328 0.0257544
0.329 0.0348306
0.33 0.0441869
0.331 0.0538193
0.332 0.0637238
0.333 0.0738966
0.334 0.0843337
0.335 0.0950312
0.336 0.105985
0.337 0.117191
0.338 0.128646
0.339 0.140345
0.34 0.152283
0.341 0.164456
0.342 0.17686
0.343 0.189489
0.344 0.202338
0.345 0.215402
0.346 0.228675
0.347 0.242151
0.348 0.255824
0.349 0.269687
0.35 0.283733
0.351 0.297954
0.352 0.312344
0.353 0.326894
0.354 0.341595
0.355 0.35644
0.356 0.371418
0.357 0.386521
0.358 0.401738
0.359 0.41706
0.36 0.432476
0.361 0.447975
0.362 0.463546
0.363 0.479178
0.364 0.494859
0.365 0.510578
0.366 0.526322
0.367 0.542079
0.368 0.557836
0.369 0.573582
0.37 0.589303
0.371 0.604986
0.372 0.62062
0.373 0.636191
0.374 0.651686
0.375 0.667093
0.376 0.682399
0.377 0.697591
0.378 0.712658
0.379 0.727586
0.38 0.742365
0.381 0.756981
0.382 0.771425
0.383 0.785684
0.384 0.799747
0.385 0.813605
0.386 0.827247
0.387 0.840662
0.388 0.853843
0.389 0.866779
0.39 0.879463
0.391 0.891886
0.392 0.90404
0.393 0.915919
0.394 0.927515
0.395 0.938823
0.396 0.949837
0.397 0.960551
0.398 0.970961
0.399 0.981062
0.4 0.990851
0.401 1.00032
0.402 1.00948
0.403 1.01831
0.404 1.02682
0.405 1.035
0.406 1.04286
0.407 1.05038
0.408 1.05758
0.409 1.06445
0.41 1.07099
0.411 1.0772
0.412 1.08309
0.413 1.08864
0.414 1.09387
0.415 1.09877
0.416 1.10334
0.417 1.10759
0.418 1.11152
0.419 1.11512
0.42 1.11841
0.421 1.12137
0.422 1.12402
0.423 1.12635
0.424 1.12836
0.425 1.13007
0.426 1.13146
0.427 1.13253
0.428 1.1333
0.429 1.13376
0.43 1.13391
0.431 1.13376
0.432 1.1333
0.433 1.13253
0.434 1.13145
0.435 1.13007
0.436 1.12839
0.437 1.1264
0.438 1.12411
0.439 1.12151
0.44 1.11861
0.441 1.1154
0.442 1.11189
0.443 1.10807
0.444 1.10395
0.445 1.09952
0.446 1.09479
0.447 1.08976
0.448 1.08442
0.449 1.07877
0.45 1.07282
0.451 1.06656
0.452 1.06001
0.453 1.05315
0.454 1.04598
0.455 1.03852
0.456 1.03076
0.457 1.0227
0.458 1.01434
0.459 1.00569
0.46 0.996755
0.461 0.987527
0.462 0.978014
0.463 0.96822
0.464 0.958149
0.465 0.947804
0.466 0.93719
0.467 0.926312
0.468 0.915176
0.469 0.903787
0.47 0.892151
0.471 0.880274
0.472 0.868163
0.473 0.855826
0.474 0.843269
0.475 0.8305
0.476 0.817527
0.477 0.804358
0.478 0.791003
0.479 0.777469
0.48 0.763766
0.481 0.749903
0.482 0.735889
0.483 0.721734
0.484 0.707448
0.485 0.693041
0.486 0.678522
0.487 0.663901
0.488 0.649189
0.489 0.634395
0.49 0.61953
0.491 0.604603
0.492 0.589625
0.493 0.574605
0.494 0.559553
0.495 0.544479
0.496 0.529391
0.497 0.514301
0.498 0.499215
0.499 0.484144
0.5 0.469095
0.501 0.454078
0.502 0.4391
0.503 0.424169
0.504 0.409292
0.505 0.394478
0.506 0.379732
0.507 0.365061
0.508 0.350472
0.509 0.335971
0.51 0.321564
0.511 0.307254
0.512 0.293049
0.513 0.278953
0.514 0.264969
0.515 0.251102
0.516 0.237357
0.517 0.223737
0.518 0.210245
0.519 0.196884
0.52 0.183657
0.521 0.170568
0.522 0.157619
0.523 0.144812
0.524 0.132149
0.525 0.119633
0.526 0.107265
0.527 0.0950482
0.528 0.0829837
0.529 0.0710736
0.53 0.0593196
0.531 0.0477236
0.532 0.0362873
0.533 0.0250126
0.534 0.0139013
0.535 0.0029553
0.536 0.00782334
0.537 0.0184326
0.538 0.0288703
0.539 0.0391342
0.54 0.0492219
0.541 0.0591309
0.542 0.0688588
0.543 0.0784026
0.544 0.0877596
0.545 0.0969267
0.546 0.105901
0.547 0.114679
0.548 0.123257
0.549 0.131633
0.55 0.139802
0.551 0.147761
0.552 0.155505
0.553 0.163032
0.554 0.170338
0.555 0.177417
0.556 0.184268
0.557 0.190885
0.558 0.197264
0.559 0.203402
0.56 0.209295
0.561 0.214939
0.562 0.22033
0.563 0.225466
0.564 0.230341
0.565 0.234953
0.566 0.2393
0.567 0.243377
0.568 0.247182
0.569 0.250713
0.57 0.253967
0.571 0.256943
0.572 0.259638
0.573 0.262052
0.574 0.264182
0.575 0.266029
0.576 0.267592
0.577 0.26887
0.578 0.269865
0.579 0.270575
0.58 0.271004
0.581 0.271151
0.582 0.271018
0.583 0.270608
0.584 0.269923
0.585 0.268965
0.586 0.267738
0.587 0.266245
0.588 0.26449
0.589 0.262477
0.59 0.26021
0.591 0.257695
0.592 0.254935
0.593 0.251936
0.594 0.248704
0.595 0.245245
0.596 0.241564
0.597 0.237667
0.598 0.23356
0.599 0.229251
0.6 0.224745
0.601 0.220049
0.602 0.21517
0.603 0.210114
0.604 0.204889
0.605 0.1995
0.606 0.193955
0.607 0.18826
0.608 0.182423
0.609 0.176448
0.61 0.170344
0.611 0.164115
0.612 0.157769
0.613 0.151312
0.614 0.144748
0.615 0.138085
0.616 0.131327
0.617 0.12448
0.618 0.117548
0.619 0.110537
0.62 0.103452
0.621 0.0962961
0.622 0.0890744
0.623 0.0817906
0.624 0.0744486
0.625 0.0670519
0.626 0.0596038
0.627 0.0521074
0.628 0.0445658
0.629 0.0369817
0.63 0.0293575
0.631 0.0216959
0.632 0.0139989
0.633 0.00626884
0.634 0.0014924
0.635 0.0092829
0.636 0.0171008
0.637 0.0249445
0.638 0.0328121
0.639 0.0407021
0.64 0.0486128
0.641 0.0565427
0.642 0.06449
0.643 0.072453
0.644 0.0804302
0.645 0.0884196
0.646 0.0964194
0.647 0.104428
0.648 0.112442
0.649 0.120461
0.65 0.128481
0.651 0.136501
0.652 0.144517
0.653 0.152528
0.654 0.160529
0.655 0.168518
0.656 0.176491
0.657 0.184445
0.658 0.192377
0.659 0.200282
0.66 0.208157
0.661 0.215997
0.662 0.223798
0.663 0.231555
0.664 0.239264
0.665 0.24692
0.666 0.254519
0.667 0.262055
0.668 0.269523
0.669 0.276918
0.67 0.284234
0.671 0.291468
0.672 0.298613
0.673 0.305664
0.674 0.312615
0.675 0.319463
0.676 0.326201
0.677 0.332825
0.678 0.339329
0.679 0.345709
0.68 0.35196
0.681 0.358078
0.682 0.364057
0.683 0.369895
0.684 0.375587
0.685 0.38113
0.686 0.386519
0.687 0.391752
0.688 0.396826
0.689 0.401739
0.69 0.406487
0.691 0.411069
0.692 0.415484
0.693 0.419729
0.694 0.423805
0.695 0.427709
0.696 0.431442
0.697 0.435004
0.698 0.438394
0.699 0.441614
0.7 0.444664
0.701 0.447545
0.702 0.450259
0.703 0.452808
0.704 0.455194
0.705 0.457418
0.706 0.459483
0.707 0.461393
0.708 0.46315
0.709 0.464756
0.71 0.466217
0.711 0.467533
0.712 0.468711
0.713 0.469752
0.714 0.470661
0.715 0.471441
0.716 0.472097
0.717 0.472632
0.718 0.473051
0.719 0.473356
0.72 0.473551
0.721 0.473642
0.722 0.47363
0.723 0.47352
0.724 0.473314
0.725 0.473018
0.726 0.472632
0.727 0.472161
0.728 0.471607
0.729 0.470973
0.73 0.470261
0.731 0.469474
0.732 0.468613
0.733 0.46768
0.734 0.466677
0.735 0.465606
0.736 0.464466
0.737 0.46326
0.738 0.461988
0.739 0.460651
0.74 0.459249
0.741 0.457782
0.742 0.45625
0.743 0.454653
0.744 0.452991
0.745 0.451264
0.746 0.44947
0.747 0.447609
0.748 0.445681
0.749 0.443684
0.75 0.441618
0.751 0.439482
0.752 0.437275
0.753 0.434997
0.754 0.432646
0.755 0.430221
0.756 0.427723
0.757 0.42515
0.758 0.422503
0.759 0.419779
0.76 0.416981
0.761 0.414106
0.762 0.411157
0.763 0.408132
0.764 0.405033
0.765 0.401859
0.766 0.398613
0.767 0.395296
0.768 0.391908
0.769 0.388452
0.77 0.384929
0.771 0.381342
0.772 0.377693
0.773 0.373985
0.774 0.370221
0.775 0.366404
0.776 0.362537
0.777 0.358625
0.778 0.35467
0.779 0.350677
0.78 0.346651
0.781 0.342596
0.782 0.338515
0.783 0.334415
0.784 0.3303
0.785 0.326175
0.786 0.322045
0.787 0.317916
0.788 0.313791
0.789 0.309677
0.79 0.305579
0.791 0.301502
0.792 0.297451
0.793 0.293431
0.794 0.289448
0.795 0.285505
0.796 0.281608
0.797 0.277761
0.798 0.273969
0.799 0.270236
0.8 0.266565
0.801 0.262961
0.802 0.259428
0.803 0.255967
0.804 0.252583
0.805 0.249278
0.806 0.246055
0.807 0.242915
0.808 0.23986
0.809 0.236892
0.81 0.234013
0.811 0.231222
0.812 0.22852
0.813 0.225908
0.814 0.223385
0.815 0.220951
0.816 0.218606
0.817 0.216348
0.818 0.214176
0.819 0.212088
0.82 0.210084
0.821 0.20816
0.822 0.206314
0.823 0.204545
0.824 0.20285
0.825 0.201225
0.826 0.199667
0.827 0.198175
0.828 0.196745
0.829 0.195372
0.83 0.194056
0.831 0.192791
0.832 0.191575
0.833 0.190404
0.834 0.189275
0.835 0.188186
0.836 0.187132
0.837 0.186111
0.838 0.18512
0.839 0.184157
0.84 0.183218
0.841 0.182302
0.842 0.181405
0.843 0.180527
0.844 0.179664
0.845 0.178816
0.846 0.177981
0.847 0.177158
0.848 0.176346
0.849 0.175545
0.85 0.174753
0.851 0.173971
0.852 0.173199
0.853 0.172436
0.854 0.171684
0.855 0.170944
0.856 0.170215
0.857 0.1695
0.858 0.168799
0.859 0.168115
0.86 0.167449
0.861 0.166802
0.862 0.166177
0.863 0.165576
0.864 0.165001
0.865 0.164455
0.866 0.163939
0.867 0.163456
0.868 0.163009
0.869 0.162599
0.87 0.162231
0.871 0.161904
0.872 0.161623
0.873 0.161389
0.874 0.161205
0.875 0.161072
0.876 0.160993
0.877 0.160968
0.878 0.161
0.879 0.16109
0.88 0.16124
0.881 0.161449
0.882 0.16172
0.883 0.162052
0.884 0.162446
0.885 0.162902
0.886 0.163419
0.887 0.163998
0.888 0.164637
0.889 0.165337
0.89 0.166094
0.891 0.166909
0.892 0.167779
0.893 0.168703
0.894 0.169678
0.895 0.170702
0.896 0.171772
0.897 0.172887
0.898 0.174041
0.899 0.175234
0.9 0.176461
0.901 0.177718
0.902 0.179003
0.903 0.180312
0.904 0.181641
0.905 0.182987
0.906 0.184345
0.907 0.185711
0.908 0.187083
0.909 0.188456
0.91 0.189826
0.911 0.191189
0.912 0.192542
0.913 0.193882
0.914 0.195205
0.915 0.196507
0.916 0.197786
0.917 0.199038
0.918 0.200261
0.919 0.201451
0.92 0.202607
0.921 0.203727
0.922 0.204807
0.923 0.205847
0.924 0.206845
0.925 0.2078
0.926 0.20871
0.927 0.209574
0.928 0.210393
0.929 0.211165
0.93 0.211891
0.931 0.212571
0.932 0.213204
0.933 0.213793
0.934 0.214336
0.935 0.214836
0.936 0.215293
0.937 0.21571
0.938 0.216086
0.939 0.216425
0.94 0.216728
0.941 0.216996
0.942 0.217233
0.943 0.217439
0.944 0.217617
0.945 0.217771
0.946 0.2179
0.947 0.218009
0.948 0.2181
0.949 0.218174
0.95 0.218234
0.951 0.218283
0.952 0.218322
0.953 0.218353
0.954 0.21838
0.955 0.218402
0.956 0.218423
0.957 0.218444
0.958 0.218467
0.959 0.218492
0.96 0.218522
0.961 0.218556
0.962 0.218597
0.963 0.218645
0.964 0.2187
0.965 0.218762
0.966 0.218833
0.967 0.218911
0.968 0.218997
0.969 0.219091
0.97 0.219191
0.971 0.219298
0.972 0.21941
0.973 0.219527
0.974 0.219647
0.975 0.21977
0.976 0.219894
0.977 0.220017
0.978 0.220138
0.979 0.220256
0.98 0.220369
0.981 0.220476
0.982 0.220574
0.983 0.220662
0.984 0.220738
0.985 0.220801
0.986 0.220849
0.987 0.220881
0.988 0.220894
0.989 0.220888
0.99 0.220862
0.991 0.220813
0.992 0.22074
0.993 0.220644
0.994 0.220522
0.995 0.220375
0.996 0.220201
0.997 0.22
0.998 0.219772
0.999 0.219516
