0 0.905168
0.001 0.9048
0.002 0.903698
0.003 0.901861
0.004 0.899291
0.005 0.895989
0.006 0.891956
0.007 0.887193
0.008 0.881703
0.009 0.875489
0.01 0.868552
0.011 0.860896
0.012 0.852524
0.013 0.84344
0.014 0.833647
0.015 0.82315
0.016 0.811953
0.017 0.800062
0.018 0.78748
0.019 0.774215
0.02 0.76027
0.021 0.745653
0.022 0.730369
0.023 0.714425
0.024 0.697828
0.025 0.680586
0.026 0.662704
0.027 0.644192
0.028 0.625056
0.029 0.605306
0.03 0.584949
0.031 0.563995
0.032 0.542452
0.033 0.520329
0.034 0.497637
0.035 0.474384
0.036 0.45058
0.037 0.426237
0.038 0.401364
0.039 0.375971
0.04 0.35007
0.041 0.323672
0.042 0.296788
0.043 0.269429
0.044 0.241608
0.045 0.213335
0.046 0.184623
0.047 0.155485
0.048 0.125932
0.049 0.0959781
0.05 0.0656347
0.051 0.0349153
0.052 0.00383289
0.053 0.0275993
0.054 0.059368
0.055 0.0914595
0.056 0.12386
0.057 0.156557
0.058 0.189535
0.059 0.222781
0.06 0.25628
0.061 0.290019
0.062 0.323983
0.063 0.358157
0.064 0.392528
0.065 0.427081
0.066 0.461801
0.067 0.496673
0.068 0.531683
0.069 0.566816
0.07 0.602057
0.071 0.637391
0.072 0.672804
0.073 0.70828
0.074 0.743805
0.075 0.779364
0.076 0.814941
0.077 0.850522
0.078 0.886092
0.079 0.921636
0.08 0.957138
0.081 0.992585
0.082 1.02796
0.083 1.06325
0.084 1.09844
0.085 1.13352
0.086 1.16846
0.087 1.20327
0.088 1.23791
0.089 1.27238
0.09 1.30666
0.091 1.34074
0.092 1.37461
0.093 1.40825
0.094 1.44164
0.095 1.47477
0.096 1.50764
0.097 1.54022
0.098 1.5725
0.099 1.60447
0.1 1.63611
0.101 1.66742
0.102 1.69837
0.103 1.72897
0.104 1.75919
0.105 1.78902
0.106 1.81844
0.107 1.84746
0.108 1.87606
0.109 1.90421
0.11 1.93192
0.111 1.95918
0.112 1.98596
0.113 2.01226
0.114 2.03807
0.115 2.06338
0.116 2.08818
0.117 2.11246
0.118 2.13621
0.119 2.15942
0.12 2.18208
0.121 2.20418
0.122 2.22571
0.123 2.24666
0.124 2.26703
0.125 2.28681
0.126 2.30599
0.127 2.32457
0.128 2.34253
0.129 2.35986
0.13 2.37657
0.131 2.39264
0.132 2.40808
0.133 2.42286
0.134 2.437
0.135 2.45048
0.136 2.46329
0.137 2.47544
0.138 2.48691
0.139 2.49771
0.14 2.50783
0.141 2.51727
0.142 2.52602
0.143 2.53408
0.144 2.54145
0.145 2.54812
0.146 2.55409
0.147 2.55937
0.148 2.56395
0.149 2.56782
0.15 2.57099
0.151 2.57346
0.152 2.57522
0.153 2.57628
0.154 2.57664
0.155 2.57629
0.156 2.57524
0.157 2.57349
0.158 2.57104
0.159 2.56789
0.16 2.56404
0.161 2.5595
0.162 2.55426
0.163 2.54834
0.164 2.54173
0.165 2.53444
0.166 2.52646
0.167 2.51781
0.168 2.50849
0.169 2.49851
0.17 2.48785
0.171 2.47655
0.172 2.46458
0.173 2.45198
0.174 2.43873
0.175 2.42484
0.176 2.41032
0.177 2.39518
0.178 2.37943
0.179 2.36306
0.18 2.3461
0.181 2.32853
0.182 2.31038
0.183 2.29165
0.184 2.27235
0.185 2.25248
0.186 2.23206
0.187 2.21109
0.188 2.18958
0.189 2.16754
0.19 2.14498
0.191 2.12191
0.192 2.09835
0.193 2.07429
0.194 2.04974
0.195 2.02473
0.196 1.99926
0.197 1.97333
0.198 1.94697
0.199 1.92017
0.2 1.89296
0.201 1.86534
0.202 1.83732
0.203 1.80892
0.204 1.78015
0.205 1.75101
0.206 1.72152
0.207 1.69169
0.208 1.66153
0.209 1.63106
0.21 1.60028
0.211 1.56922
0.212 1.53787
0.213 1.50626
0.214 1.47439
0.215 1.44228
0.216 1.40993
0.217 1.37738
0.218 1.34461
0.219 1.31165
0.22 1.27852
0.221 1.24521
0.222 1.21175
0.223 1.17815
0.224 1.14442
0.225 1.11057
0.226 1.07661
0.227 1.04257
0.228 1.00844
0.229 0.974252
0.23 0.940007
0.231 0.90572
0.232 0.871405
0.233 0.837074
0.234 0.802739
0.235 0.768412
0.236 0.734106
0.237 0.699834
0.238 0.665607
0.239 0.631438
0.24 0.597338
0.241 0.563321
0.242 0.529397
0.243 0.495579
0.244 0.461878
0.245 0.428306
0.246 0.394875
0.247 0.361596
0.248 0.328481
0.249 0.29554
0.25 0.262785
0.251 0.230226
0.252 0.197876
0.253 0.165743
0.254 0.13384
0.255 0.102176
0.256 0.0707623
0.257 0.0396081
0.258 0.00872388
0.259 0.0218806
0.26 0.0521955
0.261 0.0822114
0.262 0.111919
0.263 0.141309
0.264 0.170372
0.265 0.1991
0.266 0.227484
0.267 0.255515
0.268 0.283185
0.269 0.310486
0.27 0.33741
0.271 0.363949
0.272 0.390096
0.273 0.415843
0.274 0.441184
0.275 0.466111
0.276 0.490617
0.277 0.514696
0.278 0.538342
0.279 0.561548
0.28 0.584309
0.281 0.606619
0.282 0.628473
0.283 0.649864
0.284 0.670789
0.285 0.691241
0.286 0.711218
0.287 0.730713
0.288 0.749724
0.289 0.768246
0.29 0.786275
0.291 0.803808
0.292 0.820842
0.293 0.837373
0.294 0.853398
0.295 0.868916
0.296 0.883923
0.297 0.898417
0.298 0.912397
0.299 0.925861
0.3 0.938807
0.301 0.951234
0.302 0.96314
0.303 0.974526
0.304 0.985389
0.305 0.995731
0.306 1.00555
0.307 1.01485
0.308 1.02362
0.309 1.03188
0.31 1.03961
0.311 1.04682
0.312 1.05351
0.313 1.05969
0.314 1.06535
0.315 1.07049
0.316 1.07512
0.317 1.07925
0.318 1.08286
0.319 1.08596
0.32 1.08857
0.321 1.09067
0.322 1.09228
0.323 1.09339
0.324 1.09401
0.325 1.09414
0.326 1.0938
0.327 1.09297
0.328 1.09166
0.329 1.08989
0.33 1.08765
0.331 1.08494
0.332 1.08179
0.333 1.07817
0.334 1.07411
0.335 1.06961
0.336 1.06468
0.337 1.05931
0.338 1.05352
0.339 1.0473
0.34 1.04068
0.341 1.03365
0.342 1.02621
0.343 1.01838
0.344 1.01017
0.345 1.00157
0.346 0.992594
0.347 0.983252
0.348 0.973549
0.349 0.963492
0.35 0.953087
0.351 0.942343
0.352 0.931266
0.353 0.919863
0.354 0.908142
0.355 0.896111
0.356 0.883778
0.357 0.871149
0.358 0.858233
0.359 0.845037
0.36 0.83157
0.361 0.817839
0.362 0.803852
0.363 0.789617
0.364 0.775143
0.365 0.760437
0.366 0.745507
0.367 0.730363
0.368 0.715011
0.369 0.69946
0.37 0.683719
0.371 0.667795
0.372 0.651698
0.373 0.635434
0.374 0.619013
0.375 0.602443
0.376 0.585732
0.377 0.568888
0.378 0.55192
0.379 0.534835
0.38 0.517643
0.381 0.500351
0.382 0.482967
0.383 0.4655
0.384 0.447958
0.385 0.430349
0.386 0.412681
0.387 0.394962
0.388 0.3772
0.389 0.359403
0.39 0.341578
0.391 0.323735
0.392 0.305879
0.393 0.28802
0.394 0.270164
0.395 0.25232
0.396 0.234494
0.397 0.216695
0.398 0.19893
0.399 0.181205
0.4 0.163528
0.401 0.145907
0.402 0.128348
0.403 0.110858
0.404 0.093444
0.405 0.076113
0.406 0.0588715
0.407 0.041726
0.408 0.0246831
0.409 0.00774908
0.41 0.00906977
0.411 0.0257673
0.412 0.0423374
0.413 0.0587742
0.414 0.0750719
0.415 0.0912247
0.416 0.107227
0.417 0.123073
0.418 0.138758
0.419 0.154277
0.42 0.169624
0.421 0.184794
0.422 0.199782
0.423 0.214585
0.424 0.229196
0.425 0.243612
0.426 0.257827
0.427 0.271839
0.428 0.285643
0.429 0.299234
0.43 0.31261
0.431 0.325766
0.432 0.338698
0.433 0.351404
0.434 0.363879
0.435 0.376121
0.436 0.388127
0.437 0.399893
0.438 0.411418
0.439 0.422698
0.44 0.43373
0.441 0.444513
0.442 0.455044
0.443 0.465322
0.444 0.475343
0.445 0.485106
0.446 0.49461
0.447 0.503853
0.448 0.512834
0.449 0.521551
0.45 0.530002
0.451 0.538188
0.452 0.546107
0.453 0.553758
0.454 0.561141
0.455 0.568255
0.456 0.5751
0.457 0.581675
0.458 0.58798
0.459 0.594016
0.46 0.599782
0.461 0.605278
0.462 0.610506
0.463 0.615465
0.464 0.620156
0.465 0.62458
0.466 0.628737
0.467 0.632629
0.468 0.636256
0.469 0.63962
0.47 0.642721
0.471 0.645562
0.472 0.648144
0.473 0.650468
0.474 0.652536
0.475 0.654349
0.476 0.655911
0.477 0.657222
0.478 0.658284
0.479 0.659101
0.48 0.659673
0.481 0.660005
0.482 0.660097
0.483 0.659952
0.484 0.659574
0.485 0.658964
0.486 0.658126
0.487 0.657063
0.488 0.655776
0.489 0.65427
0.49 0.652547
0.491 0.650611
0.492 0.648465
0.493 0.646111
0.494 0.643554
0.495 0.640796
0.496 0.637842
0.497 0.634694
0.498 0.631356
0.499 0.627832
0.5 0.624126
0.501 0.620241
0.502 0.616181
0.503 0.611949
0.504 0.607551
0.505 0.602988
0.506 0.598266
0.507 0.593388
0.508 0.588359
0.509 0.583182
0.51 0.577861
0.511 0.572401
0.512 0.566805
0.513 0.561077
0.514 0.555222
0.515 0.549245
0.516 0.543148
0.517 0.536936
0.518 0.530613
0.519 0.524184
0.52 0.517653
0.521 0.511023
0.522 0.504299
0.523 0.497486
0.524 0.490587
0.525 0.483607
0.526 0.476549
0.527 0.469418
0.528 0.462219
0.529 0.454954
0.53 0.447629
0.531 0.440247
0.532 0.432813
0.533 0.42533
0.534 0.417804
0.535 0.410236
0.536 0.402633
0.537 0.394997
0.538 0.387332
0.539 0.379644
0.54 0.371934
0.541 0.364208
0.542 0.356469
0.543 0.348721
0.544 0.340967
0.545 0.333212
0.546 0.325458
0.547 0.31771
0.548 0.309972
0.549 0.302245
0.55 0.294535
0.551 0.286845
0.552 0.279178
0.553 0.271536
0.554 0.263925
0.555 0.256346
0.556 0.248803
0.557 0.2413
0.558 0.233838
0.559 0.226422
0.56 0.219054
0.561 0.211737
0.562 0.204474
0.563 0.197267
0.564 0.19012
0.565 0.183036
0.566 0.176015
0.567 0.169062
0.568 0.162179
0.569 0.155368
0.57 0.148631
0.571 0.141971
0.572 0.13539
0.573 0.128889
0.574 0.122472
0.575 0.116141
0.576 0.109896
0.577 0.10374
0.578 0.0976757
0.579 0.0917035
0.58 0.0858255
0.581 0.0800435
0.582 0.0743589
0.583 0.0687732
0.584 0.0632878
0.585 0.0579041
0.586 0.0526233
0.587 0.0474466
0.588 0.0423753
0.589 0.0374103
0.59 0.0325527
0.591 0.0278033
0.592 0.0231632
0.593 0.018633
0.594 0.0142135
0.595 0.00990543
0.596 0.00570933
0.597 0.00162577
0.598 0.00234479
0.599 0.00620193
0.6 0.0099453
0.601 0.0135746
0.602 0.0170897
0.603 0.0204903
0.604 0.0237764
0.605 0.026948
0.606 0.030005
0.607 0.0329476
0.608 0.0357759
0.609 0.0384901
0.61 0.0410904
0.611 0.0435773
0.612 0.045951
0.613 0.048212
0.614 0.0503608
0.615 0.0523979
0.616 0.0543239
0.617 0.0561395
0.618 0.0578454
0.619 0.0594422
0.62 0.0609309
0.621 0.0623122
0.622 0.0635871
0.623 0.0647565
0.624 0.0658213
0.625 0.0667827
0.626 0.0676416
0.627 0.0683993
0.628 0.0690568
0.629 0.0696154
0.63 0.0700763
0.631 0.0704408
0.632 0.0707102
0.633 0.0708859
0.634 0.0709692
0.635 0.0709616
0.636 0.0708645
0.637 0.0706794
0.638 0.0704079
0.639 0.0700515
0.64 0.0696118
0.641 0.0690904
0.642 0.0684888
0.643 0.0678089
0.644 0.0670522
0.645 0.0662205
0.646 0.0653154
0.647 0.0643389
0.648 0.0632925
0.649 0.0621781
0.65 0.0609976
0.651 0.0597527
0.652 0.0584452
0.653 0.0570771
0.654 0.0556502
0.655 0.0541664
0.656 0.0526275
0.657 0.0510354
0.658 0.0493921
0.659 0.0476995
0.66 0.0459594
0.661 0.0441739
0.662 0.0423448
0.663 0.0404741
0.664 0.0385638
0.665 0.0366156
0.666 0.0346317
0.667 0.0326138
0.668 0.030564
0.669 0.0284842
0.67 0.0263763
0.671 0.0242422
0.672 0.0220839
0.673 0.0199032
0.674 0.017702
0.675 0.0154823
0.676 0.0132459
0.677 0.0109947
0.678 0.00873052
0.679 0.00645524
0.68 0.00417068
0.681 0.00187866
0.682 0.00041902
0.683 0.00272057
0.684 0.00502422
0.685 0.00732822
0.686 0.00963084
0.687 0.0119304
0.688 0.0142251
0.689 0.0165133
0.69 0.0187935
0.691 0.0210638
0.692 0.0233228
0.693 0.0255689
0.694 0.0278005
0.695 0.030016
0.696 0.0322139
0.697 0.0343928
0.698 0.0365513
0.699 0.0386877
0.7 0.0408009
0.701 0.0428893
0.702 0.0449517
0.703 0.0469867
0.704 0.048993
0.705 0.0509694
0.706 0.0529146
0.707 0.0548275
0.708 0.0567068
0.709 0.0585515
0.71 0.0603604
0.711 0.0621325
0.712 0.0638666
0.713 0.0655619
0.714 0.0672174
0.715 0.068832
0.716 0.0704049
0.717 0.0719353
0.718 0.0734222
0.719 0.0748649
0.72 0.0762626
0.721 0.0776145
0.722 0.07892
0.723 0.0801783
0.724 0.081389
0.725 0.0825513
0.726 0.0836646
0.727 0.0847285
0.728 0.0857425
0.729 0.0867061
0.73 0.0876188
0.731 0.0884804
0.732 0.0892903
0.733 0.0900484
0.734 0.0907542
0.735 0.0914077
0.736 0.0920084
0.737 0.0925563
0.738 0.0930512
0.739 0.093493
0.74 0.0938816
0.741 0.0942169
0.742 0.0944989
0.743 0.0947277
0.744 0.0949032
0.745 0.0950256
0.746 0.095095
0.747 0.0951115
0.748 0.0950752
0.749 0.0949864
0.75 0.0948453
0.751 0.0946522
0.752 0.0944074
0.753 0.0941111
0.754 0.0937638
0.755 0.0933658
0.756 0.0929176
0.757 0.0924194
0.758 0.091872
0.759 0.0912756
0.76 0.0906308
0.761 0.0899382
0.762 0.0891984
0.763 0.0884118
0.764 0.0875793
0.765 0.0867012
0.766 0.0857785
0.767 0.0848116
0.768 0.0838014
0.769 0.0827485
0.77 0.0816538
0.771 0.0805179
0.772 0.0793417
0.773 0.0781259
0.774 0.0768715
0.775 0.0755792
0.776 0.0742499
0.777 0.0728846
0.778 0.071484
0.779 0.0700491
0.78 0.0685808
0.781 0.0670801
0.782 0.0655479
0.783 0.0639852
0.784 0.062393
0.785 0.0607722
0.786 0.0591239
0.787 0.0574491
0.788 0.0557487
0.789 0.0540239
0.79 0.0522757
0.791 0.0505051
0.792 0.0487132
0.793 0.0469011
0.794 0.0450697
0.795 0.0432203
0.796 0.0413538
0.797 0.0394714
0.798 0.0375741
0.799 0.035663
0.8 0.0337393
0.801 0.031804
0.802 0.0298583
0.803 0.0279031
0.804 0.0259396
0.805 0.023969
0.806 0.0219922
0.807 0.0200105
0.808 0.0180248
0.809 0.0160363
0.81 0.014046
0.811 0.012055
0.812 0.0100645
0.813 0.00807539
0.814 0.00608881
0.815 0.00410581
0.816 0.00212742
0.817 0.000154697
0.818 0.00181134
0.819 0.00376966
0.82 0.00571926
0.821 0.00765914
0.822 0.0095883
0.823 0.0115058
0.824 0.0134106
0.825 0.0153017
0.826 0.0171783
0.827 0.0190394
0.828 0.0208841
0.829 0.0227115
0.83 0.0245206
0.831 0.0263106
0.832 0.0280807
0.833 0.02983
0.834 0.0315576
0.835 0.0332628
0.836 0.0349448
0.837 0.0366027
0.838 0.0382358
0.839 0.0398434
0.84 0.0414247
0.841 0.042979
0.842 0.0445056
0.843 0.0460039
0.844 0.0474732
0.845 0.0489129
0.846 0.0503223
0.847 0.0517008
0.848 0.0530479
0.849 0.054363
0.85 0.0556456
0.851 0.0568951
0.852 0.0581111
0.853 0.0592931
0.854 0.0604406
0.855 0.0615532
0.856 0.0626306
0.857 0.0636722
0.858 0.0646777
0.859 0.0656468
0.86 0.0665792
0.861 0.0674745
0.862 0.0683325
0.863 0.0691529
0.864 0.0699355
0.865 0.07068
0.866 0.0713863
0.867 0.0720542
0.868 0.0726835
0.869 0.0732741
0.87 0.0738259
0.871 0.0743388
0.872 0.0748127
0.873 0.0752477
0.874 0.0756436
0.875 0.0760005
0.876 0.0763184
0.877 0.0765973
0.878 0.0768373
0.879 0.0770385
0.88 0.077201
0.881 0.0773248
0.882 0.0774103
0.883 0.0774574
0.884 0.0774664
0.885 0.0774375
0.886 0.077371
0.887 0.077267
0.888 0.0771258
0.889 0.0769477
0.89 0.076733
0.891 0.076482
0.892 0.076195
0.893 0.0758725
0.894 0.0755147
0.895 0.075122
0.896 0.0746949
0.897 0.0742338
0.898 0.073739
0.899 0.0732111
0.9 0.0726505
0.901 0.0720576
0.902 0.0714331
0.903 0.0707773
0.904 0.0700909
0.905 0.0693743
0.906 0.068628
0.907 0.0678528
0.908 0.067049
0.909 0.0662174
0.91 0.0653585
0.911 0.0644729
0.912 0.0635612
0.913 0.0626241
0.914 0.0616622
0.915 0.0606761
0.916 0.0596665
0.917 0.0586342
0.918 0.0575796
0.919 0.0565036
0.92 0.0554068
0.921 0.05429
0.922 0.0531537
0.923 0.0519988
0.924 0.0508259
0.925 0.0496358
0.926 0.0484291
0.927 0.0472067
0.928 0.0459692
0.929 0.0447175
0.93 0.0434521
0.931 0.0421739
0.932 0.0408836
0.933 0.0395819
0.934 0.0382697
0.935 0.0369476
0.936 0.0356164
0.937 0.0342769
0.938 0.0329297
0.939 0.0315757
0.94 0.0302155
0.941 0.02885
0.942 0.0274799
0.943 0.0261059
0.944 0.0247287
0.945 0.0233491
0.946 0.0219678
0.947 0.0205855
0.948 0.019203
0.949 0.017821
0.95 0.0164401
0.951 0.0150612
0.952 0.0136848
0.953 0.0123117
0.954 0.0109425
0.955 0.00957804
0.956 0.00821885
0.957 0.00686565
0.958 0.00551908
0.959 0.00417979
0.96 0.00284843
0.961 0.00152561
0.962 0.000211965
0.963 0.0010919
0.964 0.00238538
0.965 0.00366789
0.966 0.00493884
0.967 0.00619767
0.968 0.00744381
0.969 0.00867673
0.97 0.00989588
0.971 0.0111007
0.972 0.0122908
0.973 0.0134656
0.974 0.0146245
0.975 0.0157672
0.976 0.0168932
0.977 0.018002
0.978 0.0190931
0.979 0.0201663
0.98 0.0212209
0.981 0.0222568
0.982 0.0232734
0.983 0.0242704
0.984 0.0252474
0.985 0.0262042
0.986 0.0271403
0.987 0.0280555
0.988 0.0289495
0.989 0.0298219
0.99 0.0306726
0.991 0.0315012
0.992 0.0323076
0.993 0.0330914
0.994 0.0338525
0.995 0.0345907
0.996 0.0353058
0.997 0.0359976
0.998 0.036666
0.999 0.0373108
