0 0.790082
0.001 0.789769
0.002 0.788829
0.003 0.787262
0.004 0.785069
0.005 0.78225
0.006 0.778808
0.007 0.774742
0.008 0.770055
0.009 0.764747
0.01 0.758821
0.011 0.752279
0.012 0.745123
0.013 0.737355
0.014 0.728978
0.015 0.719995
0.016 0.710409
0.017 0.700224
0.018 0.689442
0.019 0.678068
0.02 0.666106
0.021 0.65356
0.022 0.640433
0.023 0.626732
0.024 0.61246
0.025 0.597622
0.026 0.582224
0.027 0.566272
0.028 0.54977
0.029 0.532725
0.03 0.515143
0.031 0.49703
0.032 0.478393
0.033 0.459238
0.034 0.439572
0.035 0.419402
0.036 0.398736
0.037 0.377582
0.038 0.355946
0.039 0.333837
0.04 0.311262
0.041 0.288231
0.042 0.264752
0.043 0.240833
0.044 0.216483
0.045 0.191712
0.046 0.166529
0.047 0.140942
0.048 0.114962
0.049 0.0885994
0.05 0.0618629
0.051 0.0347632
0.052 0.00731055
0.053 0.0204845
0.054 0.0486113
0.055 0.077059
0.056 0.105817
0.057 0.134873
0.058 0.164217
0.059 0.193837
0.06 0.223721
0.061 0.253859
0.062 0.284237
0.063 0.314844
0.064 0.345668
0.065 0.376697
0.066 0.407918
0.067 0.439319
0.068 0.470888
0.069 0.502611
0.07 0.534476
0.071 0.566471
0.072 0.598582
0.073 0.630797
0.074 0.663102
0.075 0.695484
0.076 0.727931
0.077 0.760428
0.078 0.792964
0.079 0.825524
0.08 0.858096
0.081 0.890665
0.082 0.92322
0.083 0.955746
0.084 0.98823
0.085 1.02066
0.086 1.05302
0.087 1.0853
0.088 1.11748
0.089 1.14955
0.09 1.18151
0.091 1.21333
0.092 1.245
0.093 1.27651
0.094 1.30785
0.095 1.339
0.096 1.36995
0.097 1.40069
0.098 1.4312
0.099 1.46148
0.1 1.4915
0.101 1.52127
0.102 1.55076
0.103 1.57997
0.104 1.60887
0.105 1.63747
0.106 1.66575
0.107 1.69369
0.108 1.72129
0.109 1.74854
0.11 1.77542
0.111 1.80192
0.112 1.82803
0.113 1.85375
0.114 1.87905
0.115 1.90394
0.116 1.9284
0.117 1.95243
0.118 1.976
0.119 1.99912
0.12 2.02178
0.121 2.04396
0.122 2.06565
0.123 2.08686
0.124 2.10757
0.125 2.12777
0.126 2.14745
0.127 2.16662
0.128 2.18525
0.129 2.20335
0.13 2.22091
0.131 2.23791
0.132 2.25436
0.133 2.27025
0.134 2.28558
0.135 2.30033
0.136 2.31451
0.137 2.3281
0.138 2.3411
0.139 2.35352
0.14 2.36534
0.141 2.37656
0.142 2.38718
0.143 2.39719
0.144 2.4066
0.145 2.41539
0.146 2.42357
0.147 2.43113
0.148 2.43808
0.149 2.4444
0.15 2.45011
0.151 2.45519
0.152 2.45965
0.153 2.46348
0.154 2.46669
0.155 2.46927
0.156 2.47123
0.157 2.47257
0.158 2.47328
0.159 2.47337
0.16 2.47283
0.161 2.47167
0.162 2.4699
0.163 2.46751
0.164 2.4645
0.165 2.46088
0.166 2.45664
0.167 2.4518
0.168 2.44635
0.169 2.4403
0.17 2.43365
0.171 2.42641
0.172 2.41857
0.173 2.41015
0.174 2.40114
0.175 2.39155
0.176 2.38139
0.177 2.37065
0.178 2.35935
0.179 2.34749
0.18 2.33508
0.181 2.32212
0.182 2.30861
0.183 2.29456
0.184 2.27999
0.185 2.26488
0.186 2.24926
0.187 2.23313
0.188 2.21649
0.189 2.19935
0.19 2.18172
0.191 2.1636
0.192 2.14501
0.193 2.12594
0.194 2.10642
0.195 2.08644
0.196 2.06601
0.197 2.04514
0.198 2.02385
0.199 2.00213
0.2 1.98
0.201 1.95746
0.202 1.93453
0.203 1.91121
0.204 1.88751
0.205 1.86344
0.206 1.83901
0.207 1.81423
0.208 1.78911
0.209 1.76366
0.21 1.73788
0.211 1.71179
0.212 1.6854
0.213 1.65872
0.214 1.63175
0.215 1.60451
0.216 1.577
0.217 1.54924
0.218 1.52124
0.219 1.49301
0.22 1.46456
0.221 1.43589
0.222 1.40702
0.223 1.37797
0.224 1.34873
0.225 1.31932
0.226 1.28976
0.227 1.26005
0.228 1.2302
0.229 1.20023
0.23 1.17014
0.231 1.13994
0.232 1.10966
0.233 1.07929
0.234 1.04885
0.235 1.01835
0.236 0.987799
0.237 0.957211
0.238 0.926596
0.239 0.895964
0.24 0.865327
0.241 0.834696
0.242 0.804081
0.243 0.773493
0.244 0.742944
0.245 0.712444
0.246 0.682003
0.247 0.651634
0.248 0.621345
0.249 0.591149
0.25 0.561056
0.251 0.531076
0.252 0.501219
0.253 0.471497
0.254 0.44192
0.255 0.412497
0.256 0.383239
0.257 0.354157
0.258 0.325259
0.259 0.296557
0.26 0.26806
0.261 0.239777
0.262 0.211719
0.263 0.183894
0.264 0.156313
0.265 0.128984
0.266 0.101917
0.267 0.0751198
0.268 0.0486024
0.269 0.0223731
0.27 0.00355935
0.271 0.0291867
0.272 0.0545005
0.273 0.0794928
0.274 0.104155
0.275 0.128481
0.276 0.152461
0.277 0.176089
0.278 0.199357
0.279 0.222258
0.28 0.244785
0.281 0.266932
0.282 0.288692
0.283 0.310057
0.284 0.331024
0.285 0.351584
0.286 0.371733
0.287 0.391465
0.288 0.410774
0.289 0.429656
0.29 0.448105
0.291 0.466116
0.292 0.483685
0.293 0.500808
0.294 0.51748
0.295 0.533698
0.296 0.549458
0.297 0.564756
0.298 0.579589
0.299 0.593954
0.3 0.607847
0.301 0.621268
0.302 0.634212
0.303 0.646679
0.304 0.658665
0.305 0.670169
0.306 0.68119
0.307 0.691726
0.308 0.701776
0.309 0.71134
0.31 0.720416
0.311 0.729004
0.312 0.737105
0.313 0.744717
0.314 0.751841
0.315 0.758478
0.316 0.764627
0.317 0.770291
0.318 0.775469
0.319 0.780164
0.32 0.784376
0.321 0.788107
0.322 0.791359
0.323 0.794133
0.324 0.796433
0.325 0.79826
0.326 0.799618
0.327 0.800508
0.328 0.800933
0.329 0.800898
0.33 0.800404
0.331 0.799456
0.332 0.798057
0.333 0.79621
0.334 0.793921
0.335 0.791192
0.336 0.788029
0.337 0.784435
0.338 0.780414
0.339 0.775973
0.34 0.771115
0.341 0.765846
0.342 0.76017
0.343 0.754094
0.344 0.747621
0.345 0.740758
0.346 0.73351
0.347 0.725884
0.348 0.717884
0.349 0.709517
0.35 0.700788
0.351 0.691705
0.352 0.682273
0.353 0.672498
0.354 0.662387
0.355 0.651947
0.356 0.641184
0.357 0.630104
0.358 0.618715
0.359 0.607024
0.36 0.595036
0.361 0.58276
0.362 0.570202
0.363 0.55737
0.364 0.54427
0.365 0.530909
0.366 0.517296
0.367 0.503437
0.368 0.48934
0.369 0.475011
0.37 0.46046
0.371 0.445692
0.372 0.430715
0.373 0.415538
0.374 0.400167
0.375 0.38461
0.376 0.368876
0.377 0.35297
0.378 0.336902
0.379 0.320678
0.38 0.304307
0.381 0.287795
0.382 0.271152
0.383 0.254384
0.384 0.237499
0.385 0.220505
0.386 0.203409
0.387 0.18622
0.388 0.168945
0.389 0.151591
0.39 0.134166
0.391 0.116678
0.392 0.0991338
0.393 0.081542
0.394 0.0639097
0.395 0.0462444
0.396 0.0285536
0.397 0.0108449
0.398 0.00687443
0.399 0.0245969
0.4 0.0423152
0.401 0.060022
0.402 0.0777101
0.403 0.0953721
0.404 0.113001
0.405 0.130589
0.406 0.148131
0.407 0.165617
0.408 0.183042
0.409 0.200399
0.41 0.217681
0.411 0.234881
0.412 0.251993
0.413 0.269009
0.414 0.285923
0.415 0.302729
0.416 0.31942
0.417 0.33599
0.418 0.352432
0.419 0.368741
0.42 0.384911
0.421 0.400934
0.422 0.416806
0.423 0.432521
0.424 0.448073
0.425 0.463455
0.426 0.478664
0.427 0.493692
0.428 0.508536
0.429 0.523189
0.43 0.537646
0.431 0.551903
0.432 0.565955
0.433 0.579796
0.434 0.593423
0.435 0.60683
0.436 0.620013
0.437 0.632968
0.438 0.64569
0.439 0.658176
0.44 0.670421
0.441 0.682422
0.442 0.694175
0.443 0.705677
0.444 0.716923
0.445 0.727911
0.446 0.738637
0.447 0.749099
0.448 0.759293
0.449 0.769217
0.45 0.778868
0.451 0.788243
0.452 0.797341
0.453 0.806159
0.454 0.814695
0.455 0.822947
0.456 0.830913
0.457 0.838592
0.458 0.845981
0.459 0.853081
0.46 0.859889
0.461 0.866404
0.462 0.872626
0.463 0.878554
0.464 0.884187
0.465 0.889524
0.466 0.894566
0.467 0.899312
0.468 0.903762
0.469 0.907915
0.47 0.911773
0.471 0.915336
0.472 0.918603
0.473 0.921577
0.474 0.924257
0.475 0.926644
0.476 0.928739
0.477 0.930544
0.478 0.93206
0.479 0.933289
0.48 0.934231
0.481 0.934888
0.482 0.935263
0.483 0.935357
0.484 0.935172
0.485 0.934711
0.486 0.933975
0.487 0.932967
0.488 0.93169
0.489 0.930146
0.49 0.928337
0.491 0.926268
0.492 0.92394
0.493 0.921356
0.494 0.91852
0.495 0.915435
0.496 0.912104
0.497 0.908531
0.498 0.904719
0.499 0.900671
0.5 0.896391
0.501 0.891883
0.502 0.887151
0.503 0.882198
0.504 0.877029
0.505 0.871647
0.506 0.866056
0.507 0.860261
0.508 0.854266
0.509 0.848074
0.51 0.84169
0.511 0.835119
0.512 0.828364
0.513 0.821431
0.514 0.814323
0.515 0.807045
0.516 0.799602
0.517 0.791997
0.518 0.784236
0.519 0.776324
0.52 0.768264
0.521 0.760061
0.522 0.75172
0.523 0.743246
0.524 0.734643
0.525 0.725916
0.526 0.717069
0.527 0.708107
0.528 0.699036
0.529 0.689859
0.53 0.680581
0.531 0.671207
0.532 0.661742
0.533 0.652189
0.534 0.642555
0.535 0.632842
0.536 0.623057
0.537 0.613203
0.538 0.603285
0.539 0.593308
0.54 0.583276
0.541 0.573194
0.542 0.563065
0.543 0.552895
0.544 0.542688
0.545 0.532448
0.546 0.522179
0.547 0.511886
0.548 0.501573
0.549 0.491245
0.55 0.480905
0.551 0.470557
0.552 0.460207
0.553 0.449856
0.554 0.439511
0.555 0.429174
0.556 0.41885
0.557 0.408542
0.558 0.398255
0.559 0.387992
0.56 0.377756
0.561 0.367552
0.562 0.357383
0.563 0.347252
0.564 0.337164
0.565 0.327122
0.566 0.317128
0.567 0.307187
0.568 0.297301
0.569 0.287475
0.57 0.27771
0.571 0.268011
0.572 0.258381
0.573 0.248821
0.574 0.239336
0.575 0.229929
0.576 0.220601
0.577 0.211356
0.578 0.202197
0.579 0.193127
0.58 0.184147
0.581 0.17526
0.582 0.16647
0.583 0.157778
0.584 0.149187
0.585 0.140698
0.586 0.132315
0.587 0.12404
0.588 0.115874
0.589 0.107819
0.59 0.0998785
0.591 0.0920533
0.592 0.0843454
0.593 0.0767566
0.594 0.0692887
0.595 0.0619434
0.596 0.0547223
0.597 0.0476268
0.598 0.0406584
0.599 0.0338186
0.6 0.0271087
0.601 0.0205299
0.602 0.0140834
0.603 0.00777033
0.604 0.0015918
0.605 0.00445122
0.606 0.0103578
0.607 0.0161271
0.608 0.0217583
0.609 0.0272507
0.61 0.0326036
0.611 0.0378165
0.612 0.0428888
0.613 0.0478202
0.614 0.0526101
0.615 0.0572583
0.616 0.0617645
0.617 0.0661286
0.618 0.0703504
0.619 0.07443
0.62 0.0783673
0.621 0.0821624
0.622 0.0858155
0.623 0.0893268
0.624 0.0926966
0.625 0.0959252
0.626 0.0990131
0.627 0.101961
0.628 0.104769
0.629 0.107438
0.63 0.109968
0.631 0.112361
0.632 0.114617
0.633 0.116737
0.634 0.118721
0.635 0.120572
0.636 0.12229
0.637 0.123875
0.638 0.12533
0.639 0.126655
0.64 0.127852
0.641 0.128922
0.642 0.129866
0.643 0.130686
0.644 0.131383
0.645 0.131959
0.646 0.132415
0.647 0.132753
0.648 0.132975
0.649 0.133082
0.65 0.133076
0.651 0.132958
0.652 0.132732
0.653 0.132398
0.654 0.131958
0.655 0.131414
0.656 0.130769
0.657 0.130025
0.658 0.129182
0.659 0.128244
0.66 0.127212
0.661 0.126089
0.662 0.124877
0.663 0.123578
0.664 0.122193
0.665 0.120726
0.666 0.119178
0.667 0.117552
0.668 0.11585
0.669 0.114074
0.67 0.112227
0.671 0.11031
0.672 0.108326
0.673 0.106277
0.674 0.104166
0.675 0.101995
0.676 0.0997659
0.677 0.0974811
0.678 0.095143
0.679 0.0927539
0.68 0.0903159
0.681 0.0878314
0.682 0.0853027
0.683 0.0827319
0.684 0.0801213
0.685 0.0774731
0.686 0.0747895
0.687 0.0720727
0.688 0.0693249
0.689 0.0665482
0.69 0.0637447
0.691 0.0609165
0.692 0.0580658
0.693 0.0551945
0.694 0.0523048
0.695 0.0493986
0.696 0.0464779
0.697 0.0435447
0.698 0.0406008
0.699 0.0376483
0.7 0.0346889
0.701 0.0317246
0.702 0.028757
0.703 0.0257881
0.704 0.0228195
0.705 0.0198529
0.706 0.0168901
0.707 0.0139326
0.708 0.0109821
0.709 0.0080402
0.71 0.00510837
0.711 0.00218816
0.712 0.000718975
0.713 0.00361159
0.714 0.00648829
0.715 0.0093477
0.716 0.0121885
0.717 0.0150094
0.718 0.0178091
0.719 0.0205864
0.72 0.0233402
0.721 0.0260692
0.722 0.0287723
0.723 0.0314486
0.724 0.0340968
0.725 0.036716
0.726 0.0393053
0.727 0.0418636
0.728 0.0443901
0.729 0.0468839
0.73 0.0493441
0.731 0.0517699
0.732 0.0541606
0.733 0.0565153
0.734 0.0588334
0.735 0.0611142
0.736 0.0633571
0.737 0.0655613
0.738 0.0677263
0.739 0.0698516
0.74 0.0719366
0.741 0.0739807
0.742 0.0759835
0.743 0.0779446
0.744 0.0798635
0.745 0.0817398
0.746 0.0835732
0.747 0.0853633
0.748 0.0871097
0.749 0.0888122
0.75 0.0904705
0.751 0.0920843
0.752 0.0936535
0.753 0.0951778
0.754 0.096657
0.755 0.098091
0.756 0.0994797
0.757 0.100823
0.758 0.102121
0.759 0.103373
0.76 0.104579
0.761 0.10574
0.762 0.106855
0.763 0.107924
0.764 0.108948
0.765 0.109926
0.766 0.110859
0.767 0.111746
0.768 0.112588
0.769 0.113385
0.77 0.114137
0.771 0.114844
0.772 0.115507
0.773 0.116125
0.774 0.116699
0.775 0.11723
0.776 0.117716
0.777 0.118159
0.778 0.11856
0.779 0.118917
0.78 0.119233
0.781 0.119506
0.782 0.119738
0.783 0.119928
0.784 0.120078
0.785 0.120188
0.786 0.120258
0.787 0.120288
0.788 0.120279
0.789 0.120232
0.79 0.120148
0.791 0.120026
0.792 0.119867
0.793 0.119672
0.794 0.119442
0.795 0.119176
0.796 0.118877
0.797 0.118543
0.798 0.118177
0.799 0.117778
0.8 0.117348
0.801 0.116887
0.802 0.116395
0.803 0.115874
0.804 0.115325
0.805 0.114747
0.806 0.114142
0.807 0.113511
0.808 0.112854
0.809 0.112173
0.81 0.111467
0.811 0.110739
0.812 0.109988
0.813 0.109215
0.814 0.108423
0.815 0.10761
0.816 0.106778
0.817 0.105929
0.818 0.105063
0.819 0.10418
0.82 0.103282
0.821 0.10237
0.822 0.101445
0.823 0.100506
0.824 0.0995567
0.825 0.0985963
0.826 0.0976261
0.827 0.096647
0.828 0.09566
0.829 0.0946659
0.83 0.0936657
0.831 0.0926603
0.832 0.0916506
0.833 0.0906374
0.834 0.0896217
0.835 0.0886043
0.836 0.0875862
0.837 0.0865681
0.838 0.085551
0.839 0.0845356
0.84 0.0835229
0.841 0.0825136
0.842 0.0815086
0.843 0.0805087
0.844 0.0795146
0.845 0.0785271
0.846 0.0775469
0.847 0.0765749
0.848 0.0756117
0.849 0.074658
0.85 0.0737145
0.851 0.0727819
0.852 0.0718609
0.853 0.0709519
0.854 0.0700558
0.855 0.069173
0.856 0.0683041
0.857 0.0674497
0.858 0.0666103
0.859 0.0657863
0.86 0.0649783
0.861 0.0641868
0.862 0.063412
0.863 0.0626546
0.864 0.0619147
0.865 0.0611929
0.866 0.0604894
0.867 0.0598045
0.868 0.0591386
0.869 0.0584919
0.87 0.0578646
0.871 0.0572569
0.872 0.0566691
0.873 0.0561013
0.874 0.0555537
0.875 0.0550264
0.876 0.0545194
0.877 0.0540329
0.878 0.0535669
0.879 0.0531214
0.88 0.0526965
0.881 0.0522921
0.882 0.0519082
0.883 0.0515447
0.884 0.0512016
0.885 0.0508788
0.886 0.0505762
0.887 0.0502936
0.888 0.0500308
0.889 0.0497878
0.89 0.0495643
0.891 0.0493601
0.892 0.0491751
0.893 0.0490089
0.894 0.0488614
0.895 0.0487322
0.896 0.0486212
0.897 0.0485279
0.898 0.0484522
0.899 0.0483937
0.9 0.0483521
0.901 0.0483271
0.902 0.0483184
0.903 0.0483255
0.904 0.0483482
0.905 0.048386
0.906 0.0484387
0.907 0.0485058
0.908 0.048587
0.909 0.048682
0.91 0.0487902
0.911 0.0489114
0.912 0.0490451
0.913 0.0491909
0.914 0.0493486
0.915 0.0495176
0.916 0.0496976
0.917 0.0498882
0.918 0.050089
0.919 0.0502996
0.92 0.0505196
0.921 0.0507487
0.922 0.0509864
0.923 0.0512324
0.924 0.0514863
0.925 0.0517478
0.926 0.0520163
0.927 0.0522917
0.928 0.0525735
0.929 0.0528613
0.93 0.0531549
0.931 0.0534538
0.932 0.0537577
0.933 0.0540663
0.934 0.0543793
0.935 0.0546962
0.936 0.0550169
0.937 0.0553409
0.938 0.055668
0.939 0.0559978
0.94 0.05633
0.941 0.0566644
0.942 0.0570006
0.943 0.0573383
0.944 0.0576773
0.945 0.0580173
0.946 0.058358
0.947 0.058699
0.948 0.0590403
0.949 0.0593814
0.95 0.0597221
0.951 0.0600621
0.952 0.0604012
0.953 0.0607392
0.954 0.0610757
0.955 0.0614105
0.956 0.0617434
0.957 0.0620741
0.958 0.0624023
0.959 0.0627279
0.96 0.0630505
0.961 0.0633699
0.962 0.0636859
0.963 0.0639981
0.964 0.0643065
0.965 0.0646106
0.966 0.0649103
0.967 0.0652053
0.968 0.0654953
0.969 0.0657801
0.97 0.0660595
0.971 0.0663331
0.972 0.0666008
0.973 0.0668622
0.974 0.0671171
0.975 0.0673652
0.976 0.0676062
0.977 0.06784
0.978 0.0680661
0.979 0.0682844
0.98 0.0684945
0.981 0.0686962
0.982 0.0688892
0.983 0.0690732
0.984 0.069248
0.985 0.0694131
0.986 0.0695685
0.987 0.0697136
0.988 0.0698484
0.989 0.0699724
0.99 0.0700855
0.991 0.0701872
0.992 0.0702773
0.993 0.0703556
0.994 0.0704217
0.995 0.0704753
0.996 0.0705162
0.997 0.070544
0.998 0.0705585
0.999 0.0705594
