0 0.795358
0.001 0.79502
0.002 0.794006
0.003 0.792318
0.004 0.789955
0.005 0.786919
0.006 0.783211
0.007 0.778832
0.008 0.773785
0.009 0.768072
0.01 0.761694
0.011 0.754655
0.012 0.746958
0.013 0.738606
0.014 0.729602
0.015 0.719951
0.016 0.709656
0.017 0.698723
0.018 0.687155
0.019 0.674957
0.02 0.662136
0.021 0.648695
0.022 0.634642
0.023 0.619981
0.024 0.60472
0.025 0.588864
0.026 0.572421
0.027 0.555398
0.028 0.537801
0.029 0.519638
0.03 0.500918
0.031 0.481647
0.032 0.461835
0.033 0.441489
0.034 0.420619
0.035 0.399233
0.036 0.377341
0.037 0.35495
0.038 0.332073
0.039 0.308717
0.04 0.284893
0.041 0.260611
0.042 0.235881
0.043 0.210715
0.044 0.185122
0.045 0.159113
0.046 0.1327
0.047 0.105894
0.048 0.0787061
0.049 0.0511479
0.05 0.0232311
0.051 0.00503235
0.052 0.0336305
0.053 0.0625511
0.054 0.091782
0.055 0.121311
0.056 0.151125
0.057 0.181212
0.058 0.211558
0.059 0.242152
0.06 0.27298
0.061 0.304028
0.062 0.335285
0.063 0.366736
0.064 0.398369
0.065 0.430169
0.066 0.462124
0.067 0.49422
0.068 0.526443
0.069 0.55878
0.07 0.591217
0.071 0.623741
0.072 0.656337
0.073 0.688992
0.074 0.721692
0.075 0.754424
0.076 0.787173
0.077 0.819926
0.078 0.852669
0.079 0.885389
0.08 0.91807
0.081 0.950701
0.082 0.983267
0.083 1.01575
0.084 1.04815
0.085 1.08044
0.086 1.11261
0.087 1.14464
0.088 1.17653
0.089 1.20826
0.09 1.23982
0.091 1.27119
0.092 1.30236
0.093 1.33333
0.094 1.36406
0.095 1.39456
0.096 1.4248
0.097 1.45479
0.098 1.4845
0.099 1.51392
0.1 1.54303
0.101 1.57184
0.102 1.60033
0.103 1.62847
0.104 1.65627
0.105 1.68371
0.106 1.71078
0.107 1.73747
0.108 1.76377
0.109 1.78966
0.11 1.81514
0.111 1.84019
0.112 1.86481
0.113 1.88899
0.114 1.91271
0.115 1.93597
0.116 1.95875
0.117 1.98105
0.118 2.00286
0.119 2.02416
0.12 2.04496
0.121 2.06524
0.122 2.08499
0.123 2.10421
0.124 2.12289
0.125 2.14102
0.126 2.15859
0.127 2.1756
0.128 2.19204
0.129 2.2079
0.13 2.22318
0.131 2.23787
0.132 2.25196
0.133 2.26546
0.134 2.27835
0.135 2.29063
0.136 2.3023
0.137 2.31334
0.138 2.32376
0.139 2.33356
0.14 2.34272
0.141 2.35125
0.142 2.35914
0.143 2.36639
0.144 2.373
0.145 2.37896
0.146 2.38428
0.147 2.38895
0.148 2.39296
0.149 2.39633
0.15 2.39904
0.151 2.40109
0.152 2.4025
0.153 2.40325
0.154 2.40334
0.155 2.40279
0.156 2.40158
0.157 2.39972
0.158 2.39721
0.159 2.39405
0.16 2.39024
0.161 2.38579
0.162 2.38069
0.163 2.37496
0.164 2.36858
0.165 2.36158
0.166 2.35394
0.167 2.34567
0.168 2.33678
0.169 2.32728
0.17 2.31715
0.171 2.30642
0.172 2.29508
0.173 2.28314
0.174 2.27061
0.175 2.25748
0.176 2.24378
0.177 2.22949
0.178 2.21463
0.179 2.19921
0.18 2.18323
0.181 2.1667
0.182 2.14962
0.183 2.13201
0.184 2.11386
0.185 2.0952
0.186 2.07602
0.187 2.05634
0.188 2.03615
0.189 2.01548
0.19 1.99433
0.191 1.97271
0.192 1.95062
0.193 1.92808
0.194 1.9051
0.195 1.88168
0.196 1.85784
0.197 1.83358
0.198 1.80892
0.199 1.78386
0.2 1.75841
0.201 1.7326
0.202 1.70642
0.203 1.67988
0.204 1.653
0.205 1.62579
0.206 1.59826
0.207 1.57042
0.208 1.54228
0.209 1.51385
0.21 1.48515
0.211 1.45618
0.212 1.42696
0.213 1.39749
0.214 1.3678
0.215 1.33788
0.216 1.30776
0.217 1.27744
0.218 1.24694
0.219 1.21627
0.22 1.18544
0.221 1.15445
0.222 1.12333
0.223 1.09209
0.224 1.06073
0.225 1.02928
0.226 0.99773
0.227 0.966105
0.228 0.934416
0.229 0.902673
0.23 0.870888
0.231 0.839074
0.232 0.807241
0.233 0.775401
0.234 0.743567
0.235 0.711749
0.236 0.67996
0.237 0.648211
0.238 0.616513
0.239 0.584878
0.24 0.553317
0.241 0.521841
0.242 0.490461
0.243 0.459189
0.244 0.428035
0.245 0.39701
0.246 0.366126
0.247 0.335392
0.248 0.304819
0.249 0.274418
0.25 0.244199
0.251 0.214172
0.252 0.184348
0.253 0.154735
0.254 0.125345
0.255 0.0961863
0.256 0.0672688
0.257 0.0386019
0.258 0.0101948
0.259 0.0179434
0.26 0.0458037
0.261 0.0733774
0.262 0.100656
0.263 0.127631
0.264 0.154294
0.265 0.180636
0.266 0.206651
0.267 0.23233
0.268 0.257666
0.269 0.282651
0.27 0.307278
0.271 0.331541
0.272 0.355431
0.273 0.378943
0.274 0.40207
0.275 0.424806
0.276 0.447144
0.277 0.46908
0.278 0.490607
0.279 0.511719
0.28 0.532412
0.281 0.552681
0.282 0.57252
0.283 0.591925
0.284 0.610891
0.285 0.629415
0.286 0.647492
0.287 0.665118
0.288 0.68229
0.289 0.699004
0.29 0.715258
0.291 0.731047
0.292 0.74637
0.293 0.761224
0.294 0.775607
0.295 0.789515
0.296 0.802948
0.297 0.815904
0.298 0.828381
0.299 0.840378
0.3 0.851894
0.301 0.862927
0.302 0.873478
0.303 0.883545
0.304 0.893129
0.305 0.902229
0.306 0.910846
0.307 0.918979
0.308 0.92663
0.309 0.933799
0.31 0.940487
0.311 0.946696
0.312 0.952425
0.313 0.957678
0.314 0.962455
0.315 0.966759
0.316 0.970591
0.317 0.973954
0.318 0.976851
0.319 0.979283
0.32 0.981254
0.321 0.982767
0.322 0.983824
0.323 0.98443
0.324 0.984587
0.325 0.984299
0.326 0.98357
0.327 0.982403
0.328 0.980804
0.329 0.978776
0.33 0.976323
0.331 0.973451
0.332 0.970163
0.333 0.966466
0.334 0.962362
0.335 0.957858
0.336 0.95296
0.337 0.947671
0.338 0.941998
0.339 0.935947
0.34 0.929523
0.341 0.922731
0.342 0.915578
0.343 0.90807
0.344 0.900213
0.345 0.892014
0.346 0.883477
0.347 0.874611
0.348 0.865422
0.349 0.855915
0.35 0.846098
0.351 0.835978
0.352 0.825561
0.353 0.814854
0.354 0.803864
0.355 0.792599
0.356 0.781065
0.357 0.76927
0.358 0.75722
0.359 0.744923
0.36 0.732387
0.361 0.719618
0.362 0.706624
0.363 0.693412
0.364 0.67999
0.365 0.666365
0.366 0.652545
0.367 0.638537
0.368 0.624349
0.369 0.609988
0.37 0.595461
0.371 0.580777
0.372 0.565943
0.373 0.550966
0.374 0.535854
0.375 0.520615
0.376 0.505256
0.377 0.489783
0.378 0.474206
0.379 0.458532
0.38 0.442767
0.381 0.426919
0.382 0.410996
0.383 0.395004
0.384 0.378952
0.385 0.362847
0.386 0.346695
0.387 0.330504
0.388 0.314281
0.389 0.298033
0.39 0.281767
0.391 0.265491
0.392 0.24921
0.393 0.232932
0.394 0.216663
0.395 0.200411
0.396 0.184182
0.397 0.167982
0.398 0.151818
0.399 0.135696
0.4 0.119624
0.401 0.103606
0.402 0.0876489
0.403 0.0717593
0.404 0.055943
0.405 0.0402057
0.406 0.0245534
0.407 0.0089918
0.408 0.00647355
0.409 0.0218371
0.41 0.0370933
0.411 0.052237
0.412 0.0672628
0.413 0.0821656
0.414 0.0969405
0.415 0.111582
0.416 0.126086
0.417 0.140448
0.418 0.154663
0.419 0.168726
0.42 0.182633
0.421 0.196379
0.422 0.209962
0.423 0.223375
0.424 0.236617
0.425 0.249682
0.426 0.262567
0.427 0.275269
0.428 0.287784
0.429 0.300108
0.43 0.312238
0.431 0.324172
0.432 0.335906
0.433 0.347437
0.434 0.358763
0.435 0.369881
0.436 0.380788
0.437 0.391482
0.438 0.40196
0.439 0.412221
0.44 0.422262
0.441 0.432081
0.442 0.441677
0.443 0.451048
0.444 0.460192
0.445 0.469107
0.446 0.477793
0.447 0.486247
0.448 0.49447
0.449 0.502459
0.45 0.510214
0.451 0.517734
0.452 0.525019
0.453 0.532067
0.454 0.538878
0.455 0.545452
0.456 0.551789
0.457 0.557888
0.458 0.563749
0.459 0.569373
0.46 0.574759
0.461 0.579908
0.462 0.584821
0.463 0.589496
0.464 0.593936
0.465 0.59814
0.466 0.60211
0.467 0.605846
0.468 0.609349
0.469 0.61262
0.47 0.615661
0.471 0.618472
0.472 0.621055
0.473 0.623411
0.474 0.625541
0.475 0.627448
0.476 0.629132
0.477 0.630596
0.478 0.63184
0.479 0.632868
0.48 0.63368
0.481 0.63428
0.482 0.634668
0.483 0.634847
0.484 0.63482
0.485 0.634588
0.486 0.634154
0.487 0.63352
0.488 0.632689
0.489 0.631663
0.49 0.630445
0.491 0.629037
0.492 0.627442
0.493 0.625663
0.494 0.623702
0.495 0.621563
0.496 0.619248
0.497 0.616761
0.498 0.614103
0.499 0.611278
0.5 0.60829
0.501 0.605141
0.502 0.601834
0.503 0.598373
0.504 0.594761
0.505 0.591
0.506 0.587095
0.507 0.583048
0.508 0.578862
0.509 0.574542
0.51 0.57009
0.511 0.56551
0.512 0.560805
0.513 0.555978
0.514 0.551034
0.515 0.545975
0.516 0.540804
0.517 0.535526
0.518 0.530143
0.519 0.52466
0.52 0.519079
0.521 0.513404
0.522 0.507639
0.523 0.501787
0.524 0.495852
0.525 0.489836
0.526 0.483744
0.527 0.477578
0.528 0.471343
0.529 0.465042
0.53 0.458678
0.531 0.452255
0.532 0.445776
0.533 0.439244
0.534 0.432663
0.535 0.426037
0.536 0.419368
0.537 0.412659
0.538 0.405915
0.539 0.399139
0.54 0.392333
0.541 0.385501
0.542 0.378646
0.543 0.371772
0.544 0.364881
0.545 0.357977
0.546 0.351063
0.547 0.344141
0.548 0.337215
0.549 0.330289
0.55 0.323364
0.551 0.316443
0.552 0.309531
0.553 0.302628
0.554 0.29574
0.555 0.288867
0.556 0.282013
0.557 0.275181
0.558 0.268373
0.559 0.261591
0.56 0.254839
0.561 0.248119
0.562 0.241434
0.563 0.234785
0.564 0.228176
0.565 0.221608
0.566 0.215084
0.567 0.208607
0.568 0.202177
0.569 0.195799
0.57 0.189473
0.571 0.183201
0.572 0.176987
0.573 0.170831
0.574 0.164736
0.575 0.158704
0.576 0.152735
0.577 0.146833
0.578 0.140999
0.579 0.135234
0.58 0.12954
0.581 0.123919
0.582 0.118372
0.583 0.1129
0.584 0.107506
0.585 0.102189
0.586 0.0969529
0.587 0.0917972
0.588 0.0867235
0.589 0.0817331
0.59 0.0768269
0.591 0.0720061
0.592 0.0672715
0.593 0.0626241
0.594 0.0580648
0.595 0.0535944
0.596 0.0492137
0.597 0.0449233
0.598 0.040724
0.599 0.0366164
0.6 0.032601
0.601 0.0286783
0.602 0.0248487
0.603 0.0211128
0.604 0.0174709
0.605 0.0139232
0.606 0.01047
0.607 0.00711153
0.608 0.00384797
0.609 0.000679418
0.61 0.00239407
0.611 0.00537247
0.612 0.00825581
0.613 0.0110442
0.614 0.0137377
0.615 0.0163365
0.616 0.0188408
0.617 0.021251
0.618 0.0235671
0.619 0.0257898
0.62 0.0279192
0.621 0.0299559
0.622 0.0319002
0.623 0.0337528
0.624 0.0355142
0.625 0.0371849
0.626 0.0387656
0.627 0.0402569
0.628 0.0416596
0.629 0.0429744
0.63 0.0442021
0.631 0.0453434
0.632 0.0463993
0.633 0.0473706
0.634 0.0482582
0.635 0.0490631
0.636 0.0497862
0.637 0.0504285
0.638 0.0509911
0.639 0.0514751
0.64 0.0518815
0.641 0.0522114
0.642 0.052466
0.643 0.0526465
0.644 0.0527541
0.645 0.05279
0.646 0.0527553
0.647 0.0526515
0.648 0.0524797
0.649 0.0522413
0.65 0.0519376
0.651 0.0515699
0.652 0.0511397
0.653 0.0506482
0.654 0.0500969
0.655 0.0494872
0.656 0.0488205
0.657 0.0480983
0.658 0.0473219
0.659 0.0464929
0.66 0.0456127
0.661 0.0446828
0.662 0.0437047
0.663 0.0426799
0.664 0.0416098
0.665 0.0404961
0.666 0.0393402
0.667 0.0381436
0.668 0.0369079
0.669 0.0356346
0.67 0.0343252
0.671 0.0329812
0.672 0.0316042
0.673 0.0301957
0.674 0.0287572
0.675 0.0272903
0.676 0.0257965
0.677 0.0242772
0.678 0.022734
0.679 0.0211685
0.68 0.0195821
0.681 0.0179763
0.682 0.0163525
0.683 0.0147124
0.684 0.0130573
0.685 0.0113887
0.686 0.00970801
0.687 0.00801673
0.688 0.00631626
0.689 0.00460801
0.69 0.00289338
0.691 0.00117375
0.692 0.000549507
0.693 0.00227504
0.694 0.00400151
0.695 0.0057276
0.696 0.007452
0.697 0.00917343
0.698 0.0108906
0.699 0.0126023
0.7 0.0143073
0.701 0.0160044
0.702 0.0176923
0.703 0.01937
0.704 0.0210362
0.705 0.0226899
0.706 0.0243299
0.707 0.0259552
0.708 0.0275647
0.709 0.0291574
0.71 0.0307323
0.711 0.0322883
0.712 0.0338246
0.713 0.0353402
0.714 0.0368342
0.715 0.0383057
0.716 0.0397538
0.717 0.0411777
0.718 0.0425767
0.719 0.0439499
0.72 0.0452965
0.721 0.046616
0.722 0.0479075
0.723 0.0491703
0.724 0.050404
0.725 0.0516078
0.726 0.0527811
0.727 0.0539234
0.728 0.0550342
0.729 0.0561129
0.73 0.0571591
0.731 0.0581724
0.732 0.0591523
0.733 0.0600983
0.734 0.0610103
0.735 0.0618878
0.736 0.0627304
0.737 0.0635381
0.738 0.0643104
0.739 0.0650471
0.74 0.0657481
0.741 0.0664132
0.742 0.0670423
0.743 0.0676352
0.744 0.0681918
0.745 0.068712
0.746 0.069196
0.747 0.0696435
0.748 0.0700547
0.749 0.0704295
0.75 0.0707681
0.751 0.0710705
0.752 0.0713368
0.753 0.0715672
0.754 0.0717619
0.755 0.071921
0.756 0.0720447
0.757 0.0721333
0.758 0.072187
0.759 0.0722061
0.76 0.0721909
0.761 0.0721417
0.762 0.0720588
0.763 0.0719427
0.764 0.0717936
0.765 0.071612
0.766 0.0713983
0.767 0.071153
0.768 0.0708765
0.769 0.0705692
0.77 0.0702317
0.771 0.0698644
0.772 0.0694679
0.773 0.0690428
0.774 0.0685895
0.775 0.0681086
0.776 0.0676008
0.777 0.0670665
0.778 0.0665065
0.779 0.0659214
0.78 0.0653117
0.781 0.0646781
0.782 0.0640212
0.783 0.0633418
0.784 0.0626405
0.785 0.061918
0.786 0.0611749
0.787 0.0604121
0.788 0.0596301
0.789 0.0588296
0.79 0.0580115
0.791 0.0571764
0.792 0.0563251
0.793 0.0554582
0.794 0.0545766
0.795 0.053681
0.796 0.0527721
0.797 0.0518506
0.798 0.0509174
0.799 0.0499731
0.8 0.0490186
0.801 0.0480545
0.802 0.0470816
0.803 0.0461007
0.804 0.0451125
0.805 0.0441177
0.806 0.0431172
0.807 0.0421116
0.808 0.0411017
0.809 0.0400882
0.81 0.0390719
0.811 0.0380535
0.812 0.0370336
0.813 0.0360131
0.814 0.0349926
0.815 0.0339728
0.816 0.0329545
0.817 0.0319382
0.818 0.0309248
0.819 0.0299148
0.82 0.028909
0.821 0.0279079
0.822 0.0269123
0.823 0.0259228
0.824 0.0249399
0.825 0.0239644
0.826 0.0229968
0.827 0.0220377
0.828 0.0210877
0.829 0.0201473
0.83 0.0192172
0.831 0.0182979
0.832 0.0173899
0.833 0.0164938
0.834 0.01561
0.835 0.014739
0.836 0.0138814
0.837 0.0130376
0.838 0.012208
0.839 0.0113932
0.84 0.0105935
0.841 0.00980934
0.842 0.00904115
0.843 0.00828929
0.844 0.00755416
0.845 0.0068361
0.846 0.00613545
0.847 0.00545256
0.848 0.00478772
0.849 0.00414124
0.85 0.0035134
0.851 0.00290447
0.852 0.00231471
0.853 0.00174435
0.854 0.00119362
0.855 0.00066273
0.856 0.000151867
0.857 0.000338788
0.858 0.000809071
0.859 0.00125883
0.86 0.00168794
0.861 0.00209627
0.862 0.00248373
0.863 0.00285021
0.864 0.00319566
0.865 0.00351999
0.866 0.00382318
0.867 0.00410519
0.868 0.004366
0.869 0.0046056
0.87 0.004824
0.871 0.00502124
0.872 0.00519733
0.873 0.00535235
0.874 0.00548634
0.875 0.00559938
0.876 0.00569156
0.877 0.00576299
0.878 0.00581378
0.879 0.00584405
0.88 0.00585394
0.881 0.00584359
0.882 0.00581318
0.883 0.00576287
0.884 0.00569284
0.885 0.00560329
0.886 0.00549442
0.887 0.00536645
0.888 0.0052196
0.889 0.00505409
0.89 0.00487019
0.891 0.00466814
0.892 0.00444819
0.893 0.00421062
0.894 0.00395571
0.895 0.00368375
0.896 0.00339502
0.897 0.00308983
0.898 0.00276849
0.899 0.00243131
0.9 0.00207862
0.901 0.00171074
0.902 0.00132801
0.903 0.000930763
0.904 0.000519353
0.905 9.41274e-05
0.906 0.000344557
0.907 0.000796341
0.908 0.00126086
0.909 0.00173774
0.91 0.00222662
0.911 0.00272711
0.912 0.00323884
0.913 0.00376142
0.914 0.00429448
0.915 0.00483761
0.916 0.00539044
0.917 0.00595257
0.918 0.00652362
0.919 0.00710317
0.92 0.00769085
0.921 0.00828625
0.922 0.00888898
0.923 0.00949864
0.924 0.0101148
0.925 0.0107372
0.926 0.0113652
0.927 0.0119987
0.928 0.012637
0.929 0.0132799
0.93 0.013927
0.931 0.0145779
0.932 0.0152322
0.933 0.0158894
0.934 0.0165493
0.935 0.0172114
0.936 0.0178753
0.937 0.0185407
0.938 0.0192072
0.939 0.0198745
0.94 0.0205421
0.941 0.0212097
0.942 0.0218769
0.943 0.0225435
0.944 0.0232089
0.945 0.0238729
0.946 0.0245352
0.947 0.0251953
0.948 0.025853
0.949 0.0265079
0.95 0.0271598
0.951 0.0278082
0.952 0.0284528
0.953 0.0290934
0.954 0.0297297
0.955 0.0303612
0.956 0.0309879
0.957 0.0316092
0.958 0.0322251
0.959 0.0328351
0.96 0.033439
0.961 0.0340366
0.962 0.0346275
0.963 0.0352116
0.964 0.0357885
0.965 0.0363581
0.966 0.03692
0.967 0.0374741
0.968 0.0380202
0.969 0.0385579
0.97 0.0390871
0.971 0.0396076
0.972 0.0401191
0.973 0.0406216
0.974 0.0411147
0.975 0.0415983
0.976 0.0420722
0.977 0.0425363
0.978 0.0429904
0.979 0.0434342
0.98 0.0438678
0.981 0.0442908
0.982 0.0447032
0.983 0.0451049
0.984 0.0454956
0.985 0.0458753
0.986 0.0462439
0.987 0.0466012
0.988 0.0469472
0.989 0.0472817
0.99 0.0476046
0.991 0.0479159
0.992 0.0482154
0.993 0.0485031
0.994 0.048779
0.995 0.0490428
0.996 0.0492947
0.997 0.0495344
0.998 0.0497621
0.999 0.0499775
