0 0.0196848
0.001 0.0194826
0.002 0.0188759
0.003 0.0178651
0.004 0.0164505
0.005 0.0146326
0.006 0.0124123
0.007 0.00979028
0.008 0.00676767
0.009 0.00334563
0.01 0.000474501
0.011 0.00469123
0.012 0.00930289
0.013 0.0143077
0.014 0.0197037
0.015 0.0254887
0.016 0.0316605
0.017 0.0382167
0.018 0.0451546
0.019 0.0524717
0.02 0.0601649
0.021 0.0682313
0.022 0.0766677
0.023 0.0854708
0.024 0.0946372
0.025 0.104163
0.026 0.114045
0.027 0.124279
0.028 0.134861
0.029 0.145786
0.03 0.157051
0.031 0.168652
0.032 0.180582
0.033 0.192839
0.034 0.205416
0.035 0.21831
0.036 0.231514
0.037 0.245024
0.038 0.258834
0.039 0.272939
0.04 0.287334
0.041 0.302012
0.042 0.316968
0.043 0.332196
0.044 0.347689
0.045 0.363443
0.046 0.379449
0.047 0.395703
0.048 0.412197
0.049 0.428926
0.05 0.445882
0.051 0.463058
0.052 0.480449
0.053 0.498046
0.054 0.515843
0.055 0.533833
0.056 0.552008
0.057 0.570362
0.058 0.588886
0.059 0.607574
0.06 0.626418
0.061 0.645411
0.062 0.664544
0.063 0.683811
0.064 0.703203
0.065 0.722712
0.066 0.742332
0.067 0.762053
0.068 0.781868
0.069 0.801769
0.07 0.821748
0.071 0.841796
0.072 0.861907
0.073 0.88207
0.074 0.902279
0.075 0.922525
0.076 0.9428
0.077 0.963095
0.078 0.983403
0.079 1.00371
0.08 1.02402
0.081 1.04432
0.082 1.06459
0.083 1.08484
0.084 1.10504
0.085 1.1252
0.086 1.14531
0.087 1.16536
0.088 1.18533
0.089 1.20522
0.09 1.22503
0.091 1.24475
0.092 1.26435
0.093 1.28385
0.094 1.30323
0.095 1.32248
0.096 1.34159
0.097 1.36056
0.098 1.37938
0.099 1.39804
0.1 1.41653
0.101 1.43484
0.102 1.45298
0.103 1.47092
0.104 1.48866
0.105 1.5062
0.106 1.52352
0.107 1.54062
0.108 1.5575
0.109 1.57414
0.11 1.59053
0.111 1.60668
0.112 1.62257
0.113 1.6382
0.114 1.65356
0.115 1.66864
0.116 1.68344
0.117 1.69794
0.118 1.71216
0.119 1.72607
0.12 1.73967
0.121 1.75295
0.122 1.76592
0.123 1.77856
0.124 1.79087
0.125 1.80284
0.126 1.81446
0.127 1.82574
0.128 1.83667
0.129 1.84724
0.13 1.85744
0.131 1.86728
0.132 1.87674
0.133 1.88583
0.134 1.89454
0.135 1.90286
0.136 1.91079
0.137 1.91832
0.138 1.92546
0.139 1.9322
0.14 1.93854
0.141 1.94447
0.142 1.94998
0.143 1.95509
0.144 1.95978
0.145 1.96405
0.146 1.96789
0.147 1.97132
0.148 1.97432
0.149 1.97689
0.15 1.97903
0.151 1.98074
0.152 1.98202
0.153 1.98286
0.154 1.98327
0.155 1.98324
0.156 1.98278
0.157 1.98188
0.158 1.98054
0.159 1.97876
0.16 1.97655
0.161 1.97389
0.162 1.9708
0.163 1.96728
0.164 1.96331
0.165 1.95891
0.166 1.95407
0.167 1.9488
0.168 1.9431
0.169 1.93697
0.17 1.9304
0.171 1.92341
0.172 1.91599
0.173 1.90815
0.174 1.89989
0.175 1.89121
0.176 1.88211
0.177 1.8726
0.178 1.86268
0.179 1.85235
0.18 1.84161
0.181 1.83048
0.182 1.81894
0.183 1.80702
0.184 1.7947
0.185 1.782
0.186 1.76892
0.187 1.75546
0.188 1.74163
0.189 1.72743
0.19 1.71287
0.191 1.69794
0.192 1.68267
0.193 1.66705
0.194 1.65108
0.195 1.63478
0.196 1.61815
0.197 1.60119
0.198 1.58391
0.199 1.56632
0.2 1.54842
0.201 1.53022
0.202 1.51172
0.203 1.49293
0.204 1.47386
0.205 1.45452
0.206 1.43491
0.207 1.41503
0.208 1.3949
0.209 1.37452
0.21 1.3539
0.211 1.33305
0.212 1.31197
0.213 1.29067
0.214 1.26917
0.215 1.24745
0.216 1.22554
0.217 1.20344
0.218 1.18116
0.219 1.15871
0.22 1.13609
0.221 1.11332
0.222 1.0904
0.223 1.06733
0.224 1.04413
0.225 1.02081
0.226 0.997369
0.227 0.97382
0.228 0.95017
0.229 0.926429
0.23 0.902603
0.231 0.878701
0.232 0.854732
0.233 0.830704
0.234 0.806625
0.235 0.782503
0.236 0.758347
0.237 0.734166
0.238 0.709967
0.239 0.685758
0.24 0.661549
0.241 0.637347
0.242 0.613161
0.243 0.588998
0.244 0.564868
0.245 0.540777
0.246 0.516735
0.247 0.49275
0.248 0.468828
0.249 0.44498
0.25 0.421212
0.251 0.397532
0.252 0.373948
0.253 0.350469
0.254 0.327101
0.255 0.303852
0.256 0.280731
0.257 0.257744
0.258 0.2349
0.259 0.212205
0.26 0.189666
0.261 0.167292
0.262 0.145088
0.263 0.123063
0.264 0.101223
0.265 0.0795743
0.266 0.0581247
0.267 0.0368805
0.268 0.0158482
0.269 0.00496564
0.27 0.0255548
0.271 0.045913
0.272 0.0660341
0.273 0.0859121
0.274 0.105541
0.275 0.124915
0.276 0.144029
0.277 0.162877
0.278 0.181454
0.279 0.199754
0.28 0.217772
0.281 0.235504
0.282 0.252944
0.283 0.270088
0.284 0.28693
0.285 0.303468
0.286 0.319695
0.287 0.335609
0.288 0.351204
0.289 0.366478
0.29 0.381426
0.291 0.396045
0.292 0.410332
0.293 0.424282
0.294 0.437893
0.295 0.451162
0.296 0.464086
0.297 0.476662
0.298 0.488888
0.299 0.500762
0.3 0.51228
0.301 0.523442
0.302 0.534244
0.303 0.544686
0.304 0.554765
0.305 0.564481
0.306 0.573831
0.307 0.582815
0.308 0.591432
0.309 0.59968
0.31 0.60756
0.311 0.61507
0.312 0.62221
0.313 0.62898
0.314 0.635379
0.315 0.641409
0.316 0.647068
0.317 0.652358
0.318 0.657279
0.319 0.661831
0.32 0.666016
0.321 0.669834
0.322 0.673286
0.323 0.676374
0.324 0.679099
0.325 0.681463
0.326 0.683466
0.327 0.685112
0.328 0.686402
0.329 0.687337
0.33 0.687921
0.331 0.688155
0.332 0.688042
0.333 0.687585
0.334 0.686786
0.335 0.685648
0.336 0.684174
0.337 0.682368
0.338 0.680231
0.339 0.677769
0.34 0.674984
0.341 0.67188
0.342 0.66846
0.343 0.664728
0.344 0.660688
0.345 0.656345
0.346 0.651701
0.347 0.646762
0.348 0.641532
0.349 0.636015
0.35 0.630215
0.351 0.624137
0.352 0.617786
0.353 0.611166
0.354 0.604283
0.355 0.597141
0.356 0.589745
0.357 0.5821
0.358 0.574212
0.359 0.566085
0.36 0.557724
0.361 0.549136
0.362 0.540326
0.363 0.531298
0.364 0.522058
0.365 0.512613
0.366 0.502966
0.367 0.493125
0.368 0.483095
0.369 0.472882
0.37 0.46249
0.371 0.451927
0.372 0.441198
0.373 0.430308
0.374 0.419264
0.375 0.408072
0.376 0.396737
0.377 0.385266
0.378 0.373664
0.379 0.361937
0.38 0.350092
0.381 0.338134
0.382 0.326069
0.383 0.313904
0.384 0.301644
0.385 0.289296
0.386 0.276865
0.387 0.264357
0.388 0.251778
0.389 0.239135
0.39 0.226433
0.391 0.213678
0.392 0.200877
0.393 0.188034
0.394 0.175155
0.395 0.162248
0.396 0.149317
0.397 0.136368
0.398 0.123406
0.399 0.110439
0.4 0.0974702
0.401 0.0845065
0.402 0.0715531
0.403 0.0586156
0.404 0.0456993
0.405 0.0328098
0.406 0.0199523
0.407 0.00713217
0.408 0.00564535
0.409 0.0183751
0.41 0.0310519
0.411 0.0436708
0.412 0.0562268
0.413 0.0687148
0.414 0.0811301
0.415 0.0934679
0.416 0.105723
0.417 0.117892
0.418 0.129969
0.419 0.141951
0.42 0.153832
0.421 0.165608
0.422 0.177275
0.423 0.188829
0.424 0.200266
0.425 0.211582
0.426 0.222773
0.427 0.233834
0.428 0.244763
0.429 0.255556
0.43 0.266208
0.431 0.276718
0.432 0.28708
0.433 0.297293
0.434 0.307352
0.435 0.317254
0.436 0.326997
0.437 0.336578
0.438 0.345994
0.439 0.355242
0.44 0.364319
0.441 0.373224
0.442 0.381953
0.443 0.390504
0.444 0.398875
0.445 0.407064
0.446 0.415068
0.447 0.422887
0.448 0.430517
0.449 0.437958
0.45 0.445207
0.451 0.452263
0.452 0.459125
0.453 0.465791
0.454 0.47226
0.455 0.478531
0.456 0.484602
0.457 0.490473
0.458 0.496144
0.459 0.501612
0.46 0.506878
0.461 0.511941
0.462 0.5168
0.463 0.521456
0.464 0.525907
0.465 0.530153
0.466 0.534196
0.467 0.538033
0.468 0.541666
0.469 0.545095
0.47 0.54832
0.471 0.551341
0.472 0.554159
0.473 0.556774
0.474 0.559187
0.475 0.561398
0.476 0.563409
0.477 0.56522
0.478 0.566832
0.479 0.568246
0.48 0.569464
0.481 0.570486
0.482 0.571314
0.483 0.571949
0.484 0.572392
0.485 0.572646
0.486 0.57271
0.487 0.572588
0.488 0.572281
0.489 0.571791
0.49 0.571119
0.491 0.570267
0.492 0.569238
0.493 0.568032
0.494 0.566654
0.495 0.565104
0.496 0.563385
0.497 0.561498
0.498 0.559448
0.499 0.557235
0.5 0.554862
0.501 0.552332
0.502 0.549647
0.503 0.546809
0.504 0.543823
0.505 0.540689
0.506 0.537411
0.507 0.533991
0.508 0.530433
0.509 0.526739
0.51 0.522912
0.511 0.518955
0.512 0.51487
0.513 0.510662
0.514 0.506332
0.515 0.501884
0.516 0.497321
0.517 0.492645
0.518 0.487861
0.519 0.482971
0.52 0.477978
0.521 0.472886
0.522 0.467697
0.523 0.462415
0.524 0.457043
0.525 0.451584
0.526 0.446042
0.527 0.440419
0.528 0.434719
0.529 0.428946
0.53 0.423102
0.531 0.41719
0.532 0.411214
0.533 0.405178
0.534 0.399084
0.535 0.392936
0.536 0.386736
0.537 0.380489
0.538 0.374197
0.539 0.367864
0.54 0.361493
0.541 0.355086
0.542 0.348648
0.543 0.342181
0.544 0.335689
0.545 0.329174
0.546 0.32264
0.547 0.31609
0.548 0.309527
0.549 0.302954
0.55 0.296373
0.551 0.289789
0.552 0.283204
0.553 0.27662
0.554 0.270042
0.555 0.263471
0.556 0.256911
0.557 0.250364
0.558 0.243833
0.559 0.237321
0.56 0.230831
0.561 0.224365
0.562 0.217926
0.563 0.211517
0.564 0.20514
0.565 0.198797
0.566 0.192492
0.567 0.186226
0.568 0.180002
0.569 0.173822
0.57 0.167689
0.571 0.161605
0.572 0.155572
0.573 0.149592
0.574 0.143668
0.575 0.1378
0.576 0.131993
0.577 0.126247
0.578 0.120564
0.579 0.114947
0.58 0.109396
0.581 0.103915
0.582 0.0985036
0.583 0.0931648
0.584 0.0878998
0.585 0.0827103
0.586 0.0775977
0.587 0.0725634
0.588 0.0676089
0.589 0.0627355
0.59 0.0579446
0.591 0.0532373
0.592 0.0486148
0.593 0.0440782
0.594 0.0396287
0.595 0.0352673
0.596 0.0309949
0.597 0.0268124
0.598 0.0227207
0.599 0.0187205
0.6 0.0148127
0.601 0.0109979
0.602 0.00727669
0.603 0.00364974
0.604 0.000117544
0.605 0.00331944
0.606 0.00666078
0.607 0.00990613
0.608 0.0130552
0.609 0.0161076
0.61 0.0190633
0.611 0.0219221
0.612 0.0246839
0.613 0.0273485
0.614 0.0299161
0.615 0.0323868
0.616 0.0347604
0.617 0.0370374
0.618 0.0392178
0.619 0.0413019
0.62 0.04329
0.621 0.0451824
0.622 0.0469796
0.623 0.048682
0.624 0.05029
0.625 0.0518043
0.626 0.0532254
0.627 0.0545538
0.628 0.0557903
0.629 0.0569356
0.63 0.0579904
0.631 0.0589555
0.632 0.0598318
0.633 0.06062
0.634 0.0613212
0.635 0.0619362
0.636 0.0624661
0.637 0.0629117
0.638 0.0632743
0.639 0.0635549
0.64 0.0637545
0.641 0.0638744
0.642 0.0639157
0.643 0.0638797
0.644 0.0637675
0.645 0.0635805
0.646 0.0633199
0.647 0.0629871
0.648 0.0625834
0.649 0.0621101
0.65 0.0615688
0.651 0.0609607
0.652 0.0602874
0.653 0.0595503
0.654 0.0587508
0.655 0.0578906
0.656 0.056971
0.657 0.0559937
0.658 0.0549601
0.659 0.0538719
0.66 0.0527305
0.661 0.0515377
0.662 0.050295
0.663 0.049004
0.664 0.0476664
0.665 0.0462837
0.666 0.0448576
0.667 0.0433897
0.668 0.0418817
0.669 0.0403353
0.67 0.0387521
0.671 0.0371337
0.672 0.0354818
0.673 0.0337981
0.674 0.0320842
0.675 0.0303418
0.676 0.0285725
0.677 0.026778
0.678 0.02496
0.679 0.02312
0.68 0.0212597
0.681 0.0193808
0.682 0.0174848
0.683 0.0155734
0.684 0.0136481
0.685 0.0117106
0.686 0.00976245
0.687 0.00780518
0.688 0.00584037
0.689 0.00386956
0.69 0.00189425
0.691 8.40215e-05
0.692 0.00206378
0.693 0.00404355
0.694 0.00602186
0.695 0.00799729
0.696 0.0099684
0.697 0.0119338
0.698 0.0138921
0.699 0.015842
0.7 0.0177821
0.701 0.0197111
0.702 0.0216277
0.703 0.0235306
0.704 0.0254186
0.705 0.0272905
0.706 0.0291451
0.707 0.0309812
0.708 0.0327977
0.709 0.0345934
0.71 0.0363673
0.711 0.0381183
0.712 0.0398453
0.713 0.0415475
0.714 0.0432237
0.715 0.044873
0.716 0.0464945
0.717 0.0480874
0.718 0.0496507
0.719 0.0511837
0.72 0.0526855
0.721 0.0541553
0.722 0.0555924
0.723 0.0569962
0.724 0.0583659
0.725 0.0597008
0.726 0.0610004
0.727 0.062264
0.728 0.0634912
0.729 0.0646814
0.73 0.065834
0.731 0.0669486
0.732 0.0680249
0.733 0.0690623
0.734 0.0700606
0.735 0.0710194
0.736 0.0719383
0.737 0.0728171
0.738 0.0736555
0.739 0.0744534
0.74 0.0752105
0.741 0.0759267
0.742 0.0766018
0.743 0.0772358
0.744 0.0778285
0.745 0.07838
0.746 0.0788903
0.747 0.0793592
0.748 0.0797869
0.749 0.0801735
0.75 0.0805191
0.751 0.0808237
0.752 0.0810875
0.753 0.0813107
0.754 0.0814936
0.755 0.0816363
0.756 0.081739
0.757 0.0818021
0.758 0.0818259
0.759 0.0818107
0.76 0.0817568
0.761 0.0816646
0.762 0.0815345
0.763 0.0813669
0.764 0.0811623
0.765 0.080921
0.766 0.0806437
0.767 0.0803307
0.768 0.0799825
0.769 0.0795998
0.77 0.079183
0.771 0.0787328
0.772 0.0782496
0.773 0.0777342
0.774 0.0771871
0.775 0.0766088
0.776 0.0760002
0.777 0.0753618
0.778 0.0746943
0.779 0.0739984
0.78 0.0732747
0.781 0.072524
0.782 0.071747
0.783 0.0709444
0.784 0.0701169
0.785 0.0692653
0.786 0.0683903
0.787 0.0674926
0.788 0.0665731
0.789 0.0656325
0.79 0.0646716
0.791 0.0636911
0.792 0.0626919
0.793 0.0616746
0.794 0.0606402
0.795 0.0595893
0.796 0.0585229
0.797 0.0574416
0.798 0.0563463
0.799 0.0552377
0.8 0.0541167
0.801 0.0529841
0.802 0.0518405
0.803 0.050687
0.804 0.0495241
0.805 0.0483528
0.806 0.0471737
0.807 0.0459877
0.808 0.0447955
0.809 0.0435979
0.81 0.0423956
0.811 0.0411895
0.812 0.0399802
0.813 0.0387685
0.814 0.0375551
0.815 0.0363408
0.816 0.0351263
0.817 0.0339122
0.818 0.0326994
0.819 0.0314884
0.82 0.0302799
0.821 0.0290747
0.822 0.0278733
0.823 0.0266765
0.824 0.0254848
0.825 0.024299
0.826 0.0231195
0.827 0.0219471
0.828 0.0207823
0.829 0.0196256
0.83 0.0184777
0.831 0.0173391
0.832 0.0162103
0.833 0.015092
0.834 0.0139844
0.835 0.0128883
0.836 0.011804
0.837 0.0107321
0.838 0.00967297
0.839 0.00862707
0.84 0.00759483
0.841 0.00657666
0.842 0.00557298
0.843 0.00458415
0.844 0.00361056
0.845 0.00265256
0.846 0.00171048
0.847 0.000784658
0.848 0.0001246
0.849 0.001017
0.85 0.00189225
0.851 0.0027501
0.852 0.00359028
0.853 0.00441257
0.854 0.00521673
0.855 0.00600257
0.856 0.00676988
0.857 0.00751849
0.858 0.00824824
0.859 0.00895896
0.86 0.00965053
0.861 0.0103228
0.862 0.0109757
0.863 0.0116092
0.864 0.012223
0.865 0.0128172
0.866 0.0133918
0.867 0.0139466
0.868 0.0144816
0.869 0.0149969
0.87 0.0154924
0.871 0.0159681
0.872 0.016424
0.873 0.0168602
0.874 0.0172768
0.875 0.0176737
0.876 0.018051
0.877 0.0184089
0.878 0.0187473
0.879 0.0190665
0.88 0.0193664
0.881 0.0196473
0.882 0.0199092
0.883 0.0201523
0.884 0.0203767
0.885 0.0205826
0.886 0.0207701
0.887 0.0209394
0.888 0.0210907
0.889 0.0212241
0.89 0.02134
0.891 0.0214383
0.892 0.0215195
0.893 0.0215836
0.894 0.0216309
0.895 0.0216617
0.896 0.021676
0.897 0.0216743
0.898 0.0216567
0.899 0.0216235
0.9 0.0215749
0.901 0.0215112
0.902 0.0214326
0.903 0.0213394
0.904 0.0212319
0.905 0.0211103
0.906 0.0209749
0.907 0.020826
0.908 0.0206639
0.909 0.0204888
0.91 0.020301
0.911 0.0201008
0.912 0.0198885
0.913 0.0196644
0.914 0.0194287
0.915 0.0191818
0.916 0.0189239
0.917 0.0186553
0.918 0.0183763
0.919 0.0180872
0.92 0.0177883
0.921 0.0174799
0.922 0.0171623
0.923 0.0168356
0.924 0.0165004
0.925 0.0161567
0.926 0.0158049
0.927 0.0154453
0.928 0.0150781
0.929 0.0147037
0.93 0.0143223
0.931 0.0139342
0.932 0.0135396
0.933 0.0131388
0.934 0.0127321
0.935 0.0123197
0.936 0.011902
0.937 0.0114791
0.938 0.0110514
0.939 0.010619
0.94 0.0101822
0.941 0.00974128
0.942 0.00929646
0.943 0.00884799
0.944 0.00839609
0.945 0.007941
0.946 0.00748295
0.947 0.00702215
0.948 0.00655884
0.949 0.00609322
0.95 0.00562551
0.951 0.00515592
0.952 0.00468466
0.953 0.00421193
0.954 0.00373792
0.955 0.00326283
0.956 0.00278685
0.957 0.00231018
0.958 0.00183298
0.959 0.00135545
0.96 0.000877755
0.961 0.000400071
0.962 7.7434e-05
0.963 0.000554595
0.964 0.00103125
0.965 0.00150724
0.966 0.00198242
0.967 0.00245662
0.968 0.00292972
0.969 0.00340155
0.97 0.00387198
0.971 0.00434087
0.972 0.00480809
0.973 0.00527351
0.974 0.005737
0.975 0.00619843
0.976 0.00665768
0.977 0.00711464
0.978 0.00756919
0.979 0.00802121
0.98 0.0084706
0.981 0.00891724
0.982 0.00936103
0.983 0.00980187
0.984 0.0102397
0.985 0.0106743
0.986 0.0111057
0.987 0.0115338
0.988 0.0119584
0.989 0.0123795
0.99 0.012797
0.991 0.0132108
0.992 0.0136208
0.993 0.014027
0.994 0.0144292
0.995 0.0148275
0.996 0.0152216
0.997 0.0156116
0.998 0.0159973
0.999 0.0163787
