0 0.989784
0.001 0.989408
0.002 0.988283
0.003 0.986408
0.004 0.983783
0.005 0.980412
0.006 0.976294
0.007 0.971431
0.008 0.965827
0.009 0.959484
0.01 0.952404
0.011 0.94459
0.012 0.936047
0.013 0.926778
0.014 0.916788
0.015 0.906081
0.016 0.894661
0.017 0.882535
0.018 0.869708
0.019 0.856186
0.02 0.841974
0.021 0.82708
0.022 0.811509
0.023 0.79527
0.024 0.77837
0.025 0.760816
0.026 0.742616
0.027 0.72378
0.028 0.704314
0.029 0.684228
0.03 0.663532
0.031 0.642234
0.032 0.620344
0.033 0.597873
0.034 0.57483
0.035 0.551225
0.036 0.52707
0.037 0.502376
0.038 0.477152
0.039 0.451412
0.04 0.425166
0.041 0.398425
0.042 0.371204
0.043 0.343512
0.044 0.315363
0.045 0.28677
0.046 0.257744
0.047 0.2283
0.048 0.198449
0.049 0.168206
0.05 0.137584
0.051 0.106596
0.052 0.0752568
0.053 0.0435792
0.054 0.0115776
0.055 0.0207338
0.056 0.0533409
0.057 0.0862294
0.058 0.119385
0.059 0.152792
0.06 0.186438
0.061 0.220306
0.062 0.254382
0.063 0.288652
0.064 0.3231
0.065 0.357712
0.066 0.392472
0.067 0.427365
0.068 0.462376
0.069 0.497491
0.07 0.532694
0.071 0.567969
0.072 0.603302
0.073 0.638677
0.074 0.67408
0.075 0.709495
0.076 0.744907
0.077 0.780301
0.078 0.815662
0.079 0.850974
0.08 0.886223
0.081 0.921395
0.082 0.956473
0.083 0.991443
0.084 1.02629
0.085 1.061
0.086 1.09556
0.087 1.12995
0.088 1.16417
0.089 1.19818
0.09 1.23199
0.091 1.26558
0.092 1.29892
0.093 1.33202
0.094 1.36485
0.095 1.39741
0.096 1.42967
0.097 1.46163
0.098 1.49327
0.099 1.52457
0.1 1.55554
0.101 1.58615
0.102 1.61639
0.103 1.64625
0.104 1.67571
0.105 1.70477
0.106 1.73342
0.107 1.76163
0.108 1.78941
0.109 1.81673
0.11 1.8436
0.111 1.86999
0.112 1.8959
0.113 1.92131
0.114 1.94622
0.115 1.97062
0.116 1.9945
0.117 2.01785
0.118 2.04065
0.119 2.06291
0.12 2.08461
0.121 2.10574
0.122 2.1263
0.123 2.14628
0.124 2.16566
0.125 2.18445
0.126 2.20264
0.127 2.22021
0.128 2.23717
0.129 2.25351
0.13 2.26922
0.131 2.28429
0.132 2.29872
0.133 2.31251
0.134 2.32565
0.135 2.33813
0.136 2.34996
0.137 2.36112
0.138 2.37162
0.139 2.38145
0.14 2.39061
0.141 2.39909
0.142 2.4069
0.143 2.41402
0.144 2.42047
0.145 2.42623
0.146 2.43132
0.147 2.43571
0.148 2.43943
0.149 2.44245
0.15 2.4448
0.151 2.44645
0.152 2.44743
0.153 2.44772
0.154 2.44733
0.155 2.44626
0.156 2.44451
0.157 2.44208
0.158 2.43898
0.159 2.43521
0.16 2.43077
0.161 2.42567
0.162 2.4199
0.163 2.41348
0.164 2.40641
0.165 2.39868
0.166 2.39031
0.167 2.38131
0.168 2.37167
0.169 2.3614
0.17 2.35051
0.171 2.33901
0.172 2.32689
0.173 2.31417
0.174 2.30086
0.175 2.28696
0.176 2.27247
0.177 2.25741
0.178 2.24179
0.179 2.22561
0.18 2.20887
0.181 2.1916
0.182 2.1738
0.183 2.15547
0.184 2.13663
0.185 2.11728
0.186 2.09744
0.187 2.07712
0.188 2.05632
0.189 2.03505
0.19 2.01333
0.191 1.99117
0.192 1.96858
0.193 1.94556
0.194 1.92213
0.195 1.89831
0.196 1.8741
0.197 1.84951
0.198 1.82455
0.199 1.79925
0.2 1.7736
0.201 1.74763
0.202 1.72134
0.203 1.69474
0.204 1.66786
0.205 1.64069
0.206 1.61326
0.207 1.58558
0.208 1.55765
0.209 1.5295
0.21 1.50113
0.211 1.47256
0.212 1.44381
0.213 1.41488
0.214 1.38578
0.215 1.35654
0.216 1.32716
0.217 1.29765
0.218 1.26804
0.219 1.23833
0.22 1.20854
0.221 1.17868
0.222 1.14876
0.223 1.1188
0.224 1.08881
0.225 1.05881
0.226 1.02879
0.227 0.998793
0.228 0.968814
0.229 0.938871
0.23 0.908976
0.231 0.879142
0.232 0.849382
0.233 0.819709
0.234 0.790136
0.235 0.760674
0.236 0.731337
0.237 0.702136
0.238 0.673085
0.239 0.644195
0.24 0.615477
0.241 0.586945
0.242 0.558609
0.243 0.530482
0.244 0.502574
0.245 0.474898
0.246 0.447464
0.247 0.420283
0.248 0.393367
0.249 0.366725
0.25 0.340369
0.251 0.314308
0.252 0.288554
0.253 0.263115
0.254 0.238002
0.255 0.213225
0.256 0.188792
0.257 0.164714
0.258 0.140998
0.259 0.117655
0.26 0.0946916
0.261 0.0721176
0.262 0.0499406
0.263 0.0281687
0.264 0.00680968
0.265 0.014129
0.266 0.03464
0.267 0.0547163
0.268 0.074351
0.269 0.0935375
0.27 0.11227
0.271 0.130541
0.272 0.148346
0.273 0.165679
0.274 0.182534
0.275 0.198906
0.276 0.214791
0.277 0.230184
0.278 0.24508
0.279 0.259475
0.28 0.273365
0.281 0.286748
0.282 0.299618
0.283 0.311974
0.284 0.323812
0.285 0.33513
0.286 0.345926
0.287 0.356196
0.288 0.36594
0.289 0.375157
0.29 0.383843
0.291 0.392
0.292 0.399625
0.293 0.406719
0.294 0.41328
0.295 0.419309
0.296 0.424807
0.297 0.429773
0.298 0.434209
0.299 0.438115
0.3 0.441493
0.301 0.444344
0.302 0.446669
0.303 0.448472
0.304 0.449754
0.305 0.450517
0.306 0.450765
0.307 0.4505
0.308 0.449725
0.309 0.448444
0.31 0.44666
0.311 0.444378
0.312 0.441602
0.313 0.438335
0.314 0.434582
0.315 0.430349
0.316 0.42564
0.317 0.42046
0.318 0.414814
0.319 0.408709
0.32 0.40215
0.321 0.395142
0.322 0.387693
0.323 0.379809
0.324 0.371495
0.325 0.36276
0.326 0.353609
0.327 0.34405
0.328 0.33409
0.329 0.323737
0.33 0.312997
0.331 0.30188
0.332 0.290392
0.333 0.278542
0.334 0.266338
0.335 0.253788
0.336 0.2409
0.337 0.227684
0.338 0.214147
0.339 0.2003
0.34 0.186149
0.341 0.171706
0.342 0.156978
0.343 0.141975
0.344 0.126706
0.345 0.111181
0.346 0.0954087
0.347 0.0793993
0.348 0.0631622
0.349 0.0467071
0.35 0.0300437
0.351 0.0131818
0.352 0.00386864
0.353 0.0210978
0.354 0.0384958
0.355 0.0560526
0.356 0.0737582
0.357 0.0916026
0.358 0.109576
0.359 0.127667
0.36 0.145868
0.361 0.164167
0.362 0.182554
0.363 0.20102
0.364 0.219555
0.365 0.238147
0.366 0.256788
0.367 0.275468
0.368 0.294176
0.369 0.312902
0.37 0.331637
0.371 0.350372
0.372 0.369095
0.373 0.387798
0.374 0.40647
0.375 0.425103
0.376 0.443686
0.377 0.462211
0.378 0.480668
0.379 0.499048
0.38 0.517341
0.381 0.535539
0.382 0.553632
0.383 0.571611
0.384 0.589469
0.385 0.607196
0.386 0.624783
0.387 0.642223
0.388 0.659506
0.389 0.676626
0.39 0.693572
0.391 0.710339
0.392 0.726917
0.393 0.7433
0.394 0.759479
0.395 0.775448
0.396 0.791198
0.397 0.806724
0.398 0.822018
0.399 0.837072
0.4 0.851882
0.401 0.866439
0.402 0.880739
0.403 0.894774
0.404 0.908538
0.405 0.922027
0.406 0.935234
0.407 0.948153
0.408 0.96078
0.409 0.973109
0.41 0.985135
0.411 0.996854
0.412 1.00826
0.413 1.01935
0.414 1.03012
0.415 1.04056
0.416 1.05068
0.417 1.06046
0.418 1.06991
0.419 1.07902
0.42 1.08778
0.421 1.0962
0.422 1.10427
0.423 1.112
0.424 1.11936
0.425 1.12637
0.426 1.13303
0.427 1.13932
0.428 1.14526
0.429 1.15083
0.43 1.15604
0.431 1.16088
0.432 1.16535
0.433 1.16946
0.434 1.1732
0.435 1.17658
0.436 1.17958
0.437 1.18222
0.438 1.18449
0.439 1.1864
0.44 1.18793
0.441 1.1891
0.442 1.18991
0.443 1.19035
0.444 1.19042
0.445 1.19014
0.446 1.18949
0.447 1.18849
0.448 1.18712
0.449 1.18541
0.45 1.18334
0.451 1.18092
0.452 1.17815
0.453 1.17504
0.454 1.17159
0.455 1.16779
0.456 1.16366
0.457 1.1592
0.458 1.15441
0.459 1.14929
0.46 1.14385
0.461 1.13809
0.462 1.13202
0.463 1.12564
0.464 1.11895
0.465 1.11195
0.466 1.10467
0.467 1.09708
0.468 1.08921
0.469 1.08106
0.47 1.07263
0.471 1.06393
0.472 1.05496
0.473 1.04572
0.474 1.03623
0.475 1.02649
0.476 1.0165
0.477 1.00627
0.478 0.995803
0.479 0.985109
0.48 0.974192
0.481 0.963059
0.482 0.951714
0.483 0.940165
0.484 0.928417
0.485 0.916477
0.486 0.904352
0.487 0.892046
0.488 0.879568
0.489 0.866923
0.49 0.854118
0.491 0.84116
0.492 0.828056
0.493 0.814811
0.494 0.801433
0.495 0.787929
0.496 0.774304
0.497 0.760567
0.498 0.746724
0.499 0.732782
0.5 0.718747
0.501 0.704626
0.502 0.690427
0.503 0.676156
0.504 0.661819
0.505 0.647425
0.506 0.632979
0.507 0.618489
0.508 0.603961
0.509 0.589402
0.51 0.574819
0.511 0.560218
0.512 0.545607
0.513 0.530991
0.514 0.516378
0.515 0.501775
0.516 0.487186
0.517 0.47262
0.518 0.458082
0.519 0.443579
0.52 0.429118
0.521 0.414704
0.522 0.400343
0.523 0.386042
0.524 0.371807
0.525 0.357644
0.526 0.343558
0.527 0.329556
0.528 0.315643
0.529 0.301825
0.53 0.288107
0.531 0.274495
0.532 0.260994
0.533 0.24761
0.534 0.234348
0.535 0.221212
0.536 0.208207
0.537 0.19534
0.538 0.182614
0.539 0.170033
0.54 0.157603
0.541 0.145329
0.542 0.133213
0.543 0.121261
0.544 0.109476
0.545 0.0978627
0.546 0.0864248
0.547 0.0751659
0.548 0.0640895
0.549 0.0531993
0.55 0.0424985
0.551 0.0319903
0.552 0.0216779
0.553 0.0115642
0.554 0.00165196
0.555 0.00805601
0.556 0.0175571
0.557 0.026849
0.558 0.0359293
0.559 0.0447958
0.56 0.0534464
0.561 0.0618793
0.562 0.0700926
0.563 0.0780846
0.564 0.0858539
0.565 0.0933989
0.566 0.100718
0.567 0.107811
0.568 0.114676
0.569 0.121313
0.57 0.12772
0.571 0.133897
0.572 0.139844
0.573 0.14556
0.574 0.151044
0.575 0.156297
0.576 0.161318
0.577 0.166108
0.578 0.170667
0.579 0.174995
0.58 0.179093
0.581 0.18296
0.582 0.186598
0.583 0.190008
0.584 0.19319
0.585 0.196145
0.586 0.198875
0.587 0.20138
0.588 0.203662
0.589 0.205722
0.59 0.207562
0.591 0.209183
0.592 0.210586
0.593 0.211775
0.594 0.21275
0.595 0.213514
0.596 0.214068
0.597 0.214414
0.598 0.214555
0.599 0.214494
0.6 0.214231
0.601 0.213771
0.602 0.213115
0.603 0.212265
0.604 0.211225
0.605 0.209998
0.606 0.208585
0.607 0.20699
0.608 0.205216
0.609 0.203265
0.61 0.201142
0.611 0.198847
0.612 0.196386
0.613 0.193761
0.614 0.190974
0.615 0.188031
0.616 0.184933
0.617 0.181684
0.618 0.178288
0.619 0.174747
0.62 0.171067
0.621 0.167249
0.622 0.163297
0.623 0.159215
0.624 0.155007
0.625 0.150676
0.626 0.146226
0.627 0.141661
0.628 0.136983
0.629 0.132197
0.63 0.127307
0.631 0.122317
0.632 0.117229
0.633 0.112048
0.634 0.106777
0.635 0.101421
0.636 0.0959828
0.637 0.0904664
0.638 0.0848757
0.639 0.0792143
0.64 0.0734861
0.641 0.0676949
0.642 0.0618443
0.643 0.0559382
0.644 0.0499802
0.645 0.0439742
0.646 0.0379239
0.647 0.031833
0.648 0.0257052
0.649 0.0195441
0.65 0.0133534
0.651 0.00713688
0.652 0.000898007
0.653 0.00535957
0.654 0.0116323
0.655 0.0179165
0.656 0.0242089
0.657 0.0305058
0.658 0.0368038
0.659 0.0430995
0.66 0.0493894
0.661 0.0556703
0.662 0.0619387
0.663 0.0681915
0.664 0.0744253
0.665 0.080637
0.666 0.0868233
0.667 0.0929812
0.668 0.0991076
0.669 0.105199
0.67 0.111254
0.671 0.117268
0.672 0.123238
0.673 0.129162
0.674 0.135038
0.675 0.140861
0.676 0.146631
0.677 0.152343
0.678 0.157996
0.679 0.163586
0.68 0.169112
0.681 0.174572
0.682 0.179962
0.683 0.18528
0.684 0.190525
0.685 0.195694
0.686 0.200785
0.687 0.205796
0.688 0.210726
0.689 0.215571
0.69 0.220331
0.691 0.225004
0.692 0.229588
0.693 0.234081
0.694 0.238482
0.695 0.24279
0.696 0.247002
0.697 0.251119
0.698 0.255137
0.699 0.259058
0.7 0.262878
0.701 0.266598
0.702 0.270215
0.703 0.27373
0.704 0.277142
0.705 0.280449
0.706 0.283652
0.707 0.286749
0.708 0.289739
0.709 0.292624
0.71 0.295401
0.711 0.298072
0.712 0.300635
0.713 0.30309
0.714 0.305438
0.715 0.307677
0.716 0.30981
0.717 0.311834
0.718 0.313752
0.719 0.315562
0.72 0.317265
0.721 0.318862
0.722 0.320353
0.723 0.321739
0.724 0.323019
0.725 0.324195
0.726 0.325268
0.727 0.326238
0.728 0.327105
0.729 0.327872
0.73 0.328538
0.731 0.329105
0.732 0.329573
0.733 0.329945
0.734 0.33022
0.735 0.330401
0.736 0.330488
0.737 0.330482
0.738 0.330386
0.739 0.3302
0.74 0.329925
0.741 0.329564
0.742 0.329117
0.743 0.328587
0.744 0.327974
0.745 0.32728
0.746 0.326508
0.747 0.325658
0.748 0.324732
0.749 0.323732
0.75 0.322659
0.751 0.321517
0.752 0.320305
0.753 0.319026
0.754 0.317682
0.755 0.316275
0.756 0.314806
0.757 0.313277
0.758 0.31169
0.759 0.310048
0.76 0.308351
0.761 0.306602
0.762 0.304802
0.763 0.302954
0.764 0.30106
0.765 0.29912
0.766 0.297138
0.767 0.295115
0.768 0.293053
0.769 0.290954
0.77 0.288819
0.771 0.286651
0.772 0.284451
0.773 0.282221
0.774 0.279964
0.775 0.27768
0.776 0.275372
0.777 0.273041
0.778 0.270689
0.779 0.268318
0.78 0.265929
0.781 0.263525
0.782 0.261107
0.783 0.258676
0.784 0.256234
0.785 0.253783
0.786 0.251325
0.787 0.24886
0.788 0.246391
0.789 0.243918
0.79 0.241444
0.791 0.23897
0.792 0.236497
0.793 0.234027
0.794 0.23156
0.795 0.229099
0.796 0.226644
0.797 0.224197
0.798 0.221759
0.799 0.219331
0.8 0.216915
0.801 0.214511
0.802 0.21212
0.803 0.209744
0.804 0.207384
0.805 0.205041
0.806 0.202715
0.807 0.200408
0.808 0.19812
0.809 0.195853
0.81 0.193606
0.811 0.191382
0.812 0.18918
0.813 0.187002
0.814 0.184849
0.815 0.18272
0.816 0.180616
0.817 0.178539
0.818 0.176489
0.819 0.174466
0.82 0.17247
0.821 0.170503
0.822 0.168565
0.823 0.166657
0.824 0.164777
0.825 0.162928
0.826 0.16111
0.827 0.159322
0.828 0.157565
0.829 0.155839
0.83 0.154145
0.831 0.152483
0.832 0.150853
0.833 0.149255
0.834 0.147689
0.835 0.146156
0.836 0.144655
0.837 0.143187
0.838 0.141751
0.839 0.140348
0.84 0.138978
0.841 0.137641
0.842 0.136336
0.843 0.135064
0.844 0.133825
0.845 0.132618
0.846 0.131443
0.847 0.1303
0.848 0.129189
0.849 0.12811
0.85 0.127063
0.851 0.126047
0.852 0.125062
0.853 0.124109
0.854 0.123185
0.855 0.122293
0.856 0.12143
0.857 0.120597
0.858 0.119793
0.859 0.119018
0.86 0.118272
0.861 0.117554
0.862 0.116864
0.863 0.116201
0.864 0.115565
0.865 0.114956
0.866 0.114373
0.867 0.113816
0.868 0.113283
0.869 0.112775
0.87 0.112291
0.871 0.111831
0.872 0.111394
0.873 0.110979
0.874 0.110586
0.875 0.110214
0.876 0.109863
0.877 0.109533
0.878 0.109221
0.879 0.108929
0.88 0.108654
0.881 0.108398
0.882 0.108158
0.883 0.107935
0.884 0.107727
0.885 0.107535
0.886 0.107356
0.887 0.107192
0.888 0.10704
0.889 0.106901
0.89 0.106773
0.891 0.106656
0.892 0.106549
0.893 0.106452
0.894 0.106364
0.895 0.106284
0.896 0.106211
0.897 0.106144
0.898 0.106084
0.899 0.106029
0.9 0.105979
0.901 0.105932
0.902 0.105889
0.903 0.105848
0.904 0.105808
0.905 0.10577
0.906 0.105733
0.907 0.105695
0.908 0.105656
0.909 0.105615
0.91 0.105572
0.911 0.105527
0.912 0.105477
0.913 0.105424
0.914 0.105366
0.915 0.105302
0.916 0.105232
0.917 0.105156
0.918 0.105073
0.919 0.104982
0.92 0.104882
0.921 0.104774
0.922 0.104657
0.923 0.10453
0.924 0.104392
0.925 0.104244
0.926 0.104085
0.927 0.103914
0.928 0.103731
0.929 0.103535
0.93 0.103327
0.931 0.103106
0.932 0.102871
0.933 0.102623
0.934 0.10236
0.935 0.102083
0.936 0.101791
0.937 0.101485
0.938 0.101164
0.939 0.100827
0.94 0.100475
0.941 0.100108
0.942 0.0997246
0.943 0.0993258
0.944 0.0989112
0.945 0.0984807
0.946 0.0980343
0.947 0.0975721
0.948 0.0970941
0.949 0.0966002
0.95 0.0960905
0.951 0.0955652
0.952 0.0950244
0.953 0.0944681
0.954 0.0938966
0.955 0.09331
0.956 0.0927085
0.957 0.0920923
0.958 0.0914617
0.959 0.0908169
0.96 0.0901582
0.961 0.0894859
0.962 0.0888004
0.963 0.0881019
0.964 0.0873909
0.965 0.0866677
0.966 0.0859327
0.967 0.0851862
0.968 0.0844289
0.969 0.083661
0.97 0.082883
0.971 0.0820955
0.972 0.0812989
0.973 0.0804937
0.974 0.0796804
0.975 0.0788596
0.976 0.0780318
0.977 0.0771976
0.978 0.0763574
0.979 0.075512
0.98 0.0746618
0.981 0.0738075
0.982 0.0729497
0.983 0.0720889
0.984 0.0712258
0.985 0.070361
0.986 0.0694951
0.987 0.0686288
0.988 0.0677627
0.989 0.0668974
0.99 0.0660335
0.991 0.0651717
0.992 0.0643127
0.993 0.0634571
0.994 0.0626054
0.995 0.0617584
0.996 0.0609168
0.997 0.060081
0.998 0.0592518
0.999 0.0584298
