0 0.659737
0.001 0.659478
0.002 0.658704
0.003 0.657413
0.004 0.655607
0.005 0.653285
0.006 0.65045
0.007 0.647102
0.008 0.643242
0.009 0.638872
0.01 0.633993
0.011 0.628608
0.012 0.622719
0.013 0.616326
0.014 0.609434
0.015 0.602045
0.016 0.594162
0.017 0.585786
0.018 0.576923
0.019 0.567575
0.02 0.557745
0.021 0.547438
0.022 0.536657
0.023 0.525407
0.024 0.513691
0.025 0.501515
0.026 0.488882
0.027 0.475798
0.028 0.462267
0.029 0.448295
0.03 0.433887
0.031 0.419048
0.032 0.403783
0.033 0.3881
0.034 0.372002
0.035 0.355497
0.036 0.338591
0.037 0.32129
0.038 0.3036
0.039 0.285528
0.04 0.267081
0.041 0.248265
0.042 0.229088
0.043 0.209556
0.044 0.189677
0.045 0.169458
0.046 0.148907
0.047 0.128031
0.048 0.106837
0.049 0.0853343
0.05 0.0635298
0.051 0.0414315
0.052 0.0190476
0.053 0.00361392
0.054 0.0265447
0.055 0.0497366
0.056 0.0731811
0.057 0.0968699
0.058 0.120794
0.059 0.144946
0.06 0.169316
0.061 0.193896
0.062 0.218677
0.063 0.24365
0.064 0.268807
0.065 0.294138
0.066 0.319635
0.067 0.345288
0.068 0.371089
0.069 0.397028
0.07 0.423097
0.071 0.449286
0.072 0.475586
0.073 0.501989
0.074 0.528484
0.075 0.555063
0.076 0.581717
0.077 0.608437
0.078 0.635213
0.079 0.662036
0.08 0.688897
0.081 0.715786
0.082 0.742696
0.083 0.769616
0.084 0.796538
0.085 0.823453
0.086 0.850351
0.087 0.877223
0.088 0.904061
0.089 0.930855
0.09 0.957597
0.091 0.984277
0.092 1.01089
0.093 1.03742
0.094 1.06386
0.095 1.09021
0.096 1.11645
0.097 1.14258
0.098 1.16859
0.099 1.19447
0.1 1.22021
0.101 1.2458
0.102 1.27123
0.103 1.29651
0.104 1.32161
0.105 1.34653
0.106 1.37126
0.107 1.3958
0.108 1.42013
0.109 1.44426
0.11 1.46816
0.111 1.49184
0.112 1.51528
0.113 1.53849
0.114 1.56144
0.115 1.58414
0.116 1.60658
0.117 1.62875
0.118 1.65064
0.119 1.67225
0.12 1.69357
0.121 1.71459
0.122 1.73531
0.123 1.75572
0.124 1.77582
0.125 1.79559
0.126 1.81504
0.127 1.83415
0.128 1.85292
0.129 1.87135
0.13 1.88943
0.131 1.90715
0.132 1.92451
0.133 1.9415
0.134 1.95813
0.135 1.97437
0.136 1.99024
0.137 2.00572
0.138 2.0208
0.139 2.0355
0.14 2.04979
0.141 2.06368
0.142 2.07716
0.143 2.09023
0.144 2.10288
0.145 2.11512
0.146 2.12693
0.147 2.13832
0.148 2.14927
0.149 2.1598
0.15 2.16988
0.151 2.17953
0.152 2.18874
0.153 2.1975
0.154 2.20582
0.155 2.21369
0.156 2.2211
0.157 2.22807
0.158 2.23458
0.159 2.24063
0.16 2.24622
0.161 2.25135
0.162 2.25602
0.163 2.26023
0.164 2.26398
0.165 2.26726
0.166 2.27007
0.167 2.27242
0.168 2.2743
0.169 2.27571
0.17 2.27666
0.171 2.27713
0.172 2.27714
0.173 2.27669
0.174 2.27576
0.175 2.27437
0.176 2.27251
0.177 2.27019
0.178 2.2674
0.179 2.26415
0.18 2.26044
0.181 2.25626
0.182 2.25163
0.183 2.24653
0.184 2.24099
0.185 2.23498
0.186 2.22853
0.187 2.22162
0.188 2.21426
0.189 2.20646
0.19 2.19822
0.191 2.18953
0.192 2.18041
0.193 2.17085
0.194 2.16086
0.195 2.15044
0.196 2.1396
0.197 2.12833
0.198 2.11665
0.199 2.10455
0.2 2.09204
0.201 2.07913
0.202 2.06581
0.203 2.05209
0.204 2.03798
0.205 2.02348
0.206 2.0086
0.207 1.99333
0.208 1.97769
0.209 1.96168
0.21 1.94531
0.211 1.92857
0.212 1.91148
0.213 1.89404
0.214 1.87626
0.215 1.85814
0.216 1.83968
0.217 1.8209
0.218 1.8018
0.219 1.78238
0.22 1.76266
0.221 1.74263
0.222 1.7223
0.223 1.70169
0.224 1.68079
0.225 1.65962
0.226 1.63818
0.227 1.61647
0.228 1.59451
0.229 1.5723
0.23 1.54984
0.231 1.52715
0.232 1.50423
0.233 1.4811
0.234 1.45774
0.235 1.43418
0.236 1.41043
0.237 1.38648
0.238 1.36234
0.239 1.33803
0.24 1.31355
0.241 1.28891
0.242 1.26412
0.243 1.23918
0.244 1.2141
0.245 1.18889
0.246 1.16356
0.247 1.13812
0.248 1.11257
0.249 1.08691
0.25 1.06117
0.251 1.03535
0.252 1.00945
0.253 0.98348
0.254 0.957453
0.255 0.931375
0.256 0.905254
0.257 0.879098
0.258 0.852914
0.259 0.826711
0.26 0.800497
0.261 0.774278
0.262 0.748065
0.263 0.721863
0.264 0.695682
0.265 0.669528
0.266 0.64341
0.267 0.617336
0.268 0.591313
0.269 0.565348
0.27 0.53945
0.271 0.513626
0.272 0.487884
0.273 0.462231
0.274 0.436675
0.275 0.411222
0.276 0.38588
0.277 0.360658
0.278 0.33556
0.279 0.310596
0.28 0.285771
0.281 0.261093
0.282 0.236569
0.283 0.212206
0.284 0.188009
0.285 0.163987
0.286 0.140145
0.287 0.11649
0.288 0.0930278
0.289 0.0697656
0.29 0.0467091
0.291 0.0238644
0.292 0.00123766
0.293 0.0211654
0.294 0.0433389
0.295 0.0652773
0.296 0.0869749
0.297 0.108426
0.298 0.129626
0.299 0.150569
0.3 0.17125
0.301 0.191664
0.302 0.211807
0.303 0.231673
0.304 0.251257
0.305 0.270556
0.306 0.289565
0.307 0.30828
0.308 0.326696
0.309 0.344809
0.31 0.362616
0.311 0.380113
0.312 0.397296
0.313 0.414161
0.314 0.430706
0.315 0.446927
0.316 0.462821
0.317 0.478385
0.318 0.493616
0.319 0.508512
0.32 0.523069
0.321 0.537286
0.322 0.55116
0.323 0.564689
0.324 0.57787
0.325 0.590703
0.326 0.603185
0.327 0.615314
0.328 0.62709
0.329 0.63851
0.33 0.649573
0.331 0.660279
0.332 0.670626
0.333 0.680614
0.334 0.690242
0.335 0.699508
0.336 0.708414
0.337 0.716958
0.338 0.72514
0.339 0.73296
0.34 0.740419
0.341 0.747516
0.342 0.754251
0.343 0.760626
0.344 0.76664
0.345 0.772295
0.346 0.77759
0.347 0.782528
0.348 0.787109
0.349 0.791334
0.35 0.795204
0.351 0.798721
0.352 0.801886
0.353 0.804701
0.354 0.807168
0.355 0.809288
0.356 0.811063
0.357 0.812496
0.358 0.813588
0.359 0.814341
0.36 0.814758
0.361 0.814842
0.362 0.814594
0.363 0.814018
0.364 0.813116
0.365 0.811891
0.366 0.810345
0.367 0.808482
0.368 0.806305
0.369 0.803817
0.37 0.801021
0.371 0.797921
0.372 0.794519
0.373 0.79082
0.374 0.786826
0.375 0.782542
0.376 0.77797
0.377 0.773116
0.378 0.767982
0.379 0.762572
0.38 0.756891
0.381 0.750942
0.382 0.744729
0.383 0.738257
0.384 0.73153
0.385 0.724552
0.386 0.717327
0.387 0.709859
0.388 0.702154
0.389 0.694214
0.39 0.686046
0.391 0.677653
0.392 0.66904
0.393 0.660211
0.394 0.651171
0.395 0.641925
0.396 0.632478
0.397 0.622834
0.398 0.612998
0.399 0.602974
0.4 0.592769
0.401 0.582386
0.402 0.57183
0.403 0.561106
0.404 0.55022
0.405 0.539176
0.406 0.527978
0.407 0.516633
0.408 0.505145
0.409 0.493519
0.41 0.48176
0.411 0.469873
0.412 0.457863
0.413 0.445736
0.414 0.433495
0.415 0.421147
0.416 0.408696
0.417 0.396147
0.418 0.383505
0.419 0.370776
0.42 0.357965
0.421 0.345075
0.422 0.332113
0.423 0.319084
0.424 0.305992
0.425 0.292842
0.426 0.27964
0.427 0.26639
0.428 0.253098
0.429 0.239767
0.43 0.226404
0.431 0.213013
0.432 0.199598
0.433 0.186165
0.434 0.172719
0.435 0.159263
0.436 0.145804
0.437 0.132345
0.438 0.118892
0.439 0.105449
0.44 0.0920205
0.441 0.0786112
0.442 0.0652258
0.443 0.0518687
0.444 0.0385443
0.445 0.0252572
0.446 0.0120118
0.447 0.0011877
0.448 0.0143369
0.449 0.0274315
0.45 0.0404674
0.451 0.0534403
0.452 0.0663461
0.453 0.0791808
0.454 0.0919403
0.455 0.104621
0.456 0.117218
0.457 0.129728
0.458 0.142148
0.459 0.154473
0.46 0.1667
0.461 0.178825
0.462 0.190845
0.463 0.202756
0.464 0.214555
0.465 0.226237
0.466 0.237801
0.467 0.249242
0.468 0.260558
0.469 0.271745
0.47 0.2828
0.471 0.29372
0.472 0.304503
0.473 0.315145
0.474 0.325644
0.475 0.335997
0.476 0.3462
0.477 0.356253
0.478 0.366152
0.479 0.375894
0.48 0.385478
0.481 0.3949
0.482 0.40416
0.483 0.413254
0.484 0.422181
0.485 0.430939
0.486 0.439526
0.487 0.447939
0.488 0.456177
0.489 0.464239
0.49 0.472123
0.491 0.479828
0.492 0.487351
0.493 0.494692
0.494 0.501849
0.495 0.508822
0.496 0.515608
0.497 0.522207
0.498 0.528619
0.499 0.534841
0.5 0.540874
0.501 0.546716
0.502 0.552368
0.503 0.557828
0.504 0.563095
0.505 0.56817
0.506 0.573053
0.507 0.577742
0.508 0.582238
0.509 0.586541
0.51 0.590651
0.511 0.594567
0.512 0.59829
0.513 0.60182
0.514 0.605158
0.515 0.608304
0.516 0.611257
0.517 0.61402
0.518 0.616592
0.519 0.618973
0.52 0.621166
0.521 0.62317
0.522 0.624986
0.523 0.626616
0.524 0.62806
0.525 0.62932
0.526 0.630397
0.527 0.631291
0.528 0.632004
0.529 0.632538
0.53 0.632893
0.531 0.633072
0.532 0.633076
0.533 0.632906
0.534 0.632565
0.535 0.632053
0.536 0.631372
0.537 0.630525
0.538 0.629514
0.539 0.628339
0.54 0.627004
0.541 0.625509
0.542 0.623858
0.543 0.622052
0.544 0.620094
0.545 0.617985
0.546 0.615729
0.547 0.613326
0.548 0.61078
0.549 0.608093
0.55 0.605267
0.551 0.602305
0.552 0.599209
0.553 0.595982
0.554 0.592626
0.555 0.589143
0.556 0.585537
0.557 0.58181
0.558 0.577965
0.559 0.574004
0.56 0.56993
0.561 0.565745
0.562 0.561453
0.563 0.557056
0.564 0.552556
0.565 0.547957
0.566 0.543262
0.567 0.538473
0.568 0.533593
0.569 0.528624
0.57 0.52357
0.571 0.518434
0.572 0.513217
0.573 0.507924
0.574 0.502556
0.575 0.497118
0.576 0.49161
0.577 0.486037
0.578 0.480401
0.579 0.474705
0.58 0.468952
0.581 0.463144
0.582 0.457285
0.583 0.451376
0.584 0.445421
0.585 0.439423
0.586 0.433384
0.587 0.427307
0.588 0.421195
0.589 0.41505
0.59 0.408875
0.591 0.402673
0.592 0.396445
0.593 0.390196
0.594 0.383927
0.595 0.377641
0.596 0.371341
0.597 0.365028
0.598 0.358706
0.599 0.352377
0.6 0.346042
0.601 0.339706
0.602 0.33337
0.603 0.327035
0.604 0.320706
0.605 0.314383
0.606 0.308069
0.607 0.301767
0.608 0.295478
0.609 0.289204
0.61 0.282948
0.611 0.276712
0.612 0.270498
0.613 0.264307
0.614 0.258142
0.615 0.252004
0.616 0.245895
0.617 0.239818
0.618 0.233774
0.619 0.227764
0.62 0.221791
0.621 0.215857
0.622 0.209961
0.623 0.204108
0.624 0.198297
0.625 0.192531
0.626 0.18681
0.627 0.181137
0.628 0.175513
0.629 0.169939
0.63 0.164417
0.631 0.158947
0.632 0.153532
0.633 0.148171
0.634 0.142867
0.635 0.137621
0.636 0.132433
0.637 0.127305
0.638 0.122237
0.639 0.117232
0.64 0.112288
0.641 0.107409
0.642 0.102594
0.643 0.0978438
0.644 0.0931599
0.645 0.0885427
0.646 0.0839931
0.647 0.0795116
0.648 0.075099
0.649 0.0707558
0.65 0.0664826
0.651 0.0622799
0.652 0.0581484
0.653 0.0540883
0.654 0.0501002
0.655 0.0461845
0.656 0.0423415
0.657 0.0385716
0.658 0.0348751
0.659 0.0312522
0.66 0.0277033
0.661 0.0242284
0.662 0.0208279
0.663 0.0175017
0.664 0.0142502
0.665 0.0110733
0.666 0.0079711
0.667 0.00494364
0.668 0.00199093
0.669 0.000887071
0.67 0.00369041
0.671 0.00641917
0.672 0.00907347
0.673 0.0116534
0.674 0.0141592
0.675 0.016591
0.676 0.018949
0.677 0.0212335
0.678 0.0234448
0.679 0.025583
0.68 0.0276486
0.681 0.0296418
0.682 0.0315631
0.683 0.0334127
0.684 0.0351912
0.685 0.0368989
0.686 0.0385362
0.687 0.0401037
0.688 0.0416019
0.689 0.0430312
0.69 0.0443921
0.691 0.0456853
0.692 0.0469113
0.693 0.0480706
0.694 0.049164
0.695 0.0501919
0.696 0.0511551
0.697 0.0520543
0.698 0.05289
0.699 0.053663
0.7 0.054374
0.701 0.0550237
0.702 0.055613
0.703 0.0561424
0.704 0.0566128
0.705 0.0570251
0.706 0.0573799
0.707 0.0576782
0.708 0.0579207
0.709 0.0581083
0.71 0.0582418
0.711 0.0583221
0.712 0.0583502
0.713 0.0583268
0.714 0.0582529
0.715 0.0581295
0.716 0.0579573
0.717 0.0577375
0.718 0.0574708
0.719 0.0571584
0.72 0.056801
0.721 0.0563998
0.722 0.0559557
0.723 0.0554697
0.724 0.0549427
0.725 0.0543758
0.726 0.0537701
0.727 0.0531264
0.728 0.0524459
0.729 0.0517295
0.73 0.0509784
0.731 0.0501935
0.732 0.0493758
0.733 0.0485265
0.734 0.0476466
0.735 0.0467371
0.736 0.0457991
0.737 0.0448336
0.738 0.0438417
0.739 0.0428245
0.74 0.0417829
0.741 0.0407182
0.742 0.0396313
0.743 0.0385232
0.744 0.0373952
0.745 0.0362481
0.746 0.0350831
0.747 0.0339011
0.748 0.0327034
0.749 0.0314908
0.75 0.0302645
0.751 0.0290254
0.752 0.0277747
0.753 0.0265132
0.754 0.0252421
0.755 0.0239624
0.756 0.022675
0.757 0.021381
0.758 0.0200813
0.759 0.0187769
0.76 0.0174688
0.761 0.016158
0.762 0.0148455
0.763 0.013532
0.764 0.0122187
0.765 0.0109064
0.766 0.00959594
0.767 0.00828835
0.768 0.00698445
0.769 0.00568514
0.77 0.00439126
0.771 0.00310366
0.772 0.00182317
0.773 0.000550613
0.774 0.00071321
0.775 0.00196751
0.776 0.00321153
0.777 0.00444449
0.778 0.00566566
0.779 0.00687433
0.78 0.00806977
0.781 0.00925131
0.782 0.0104183
0.783 0.01157
0.784 0.0127059
0.785 0.0138252
0.786 0.0149275
0.787 0.0160121
0.788 0.0170785
0.789 0.0181261
0.79 0.0191545
0.791 0.020163
0.792 0.0211513
0.793 0.0221188
0.794 0.0230651
0.795 0.0239899
0.796 0.0248926
0.797 0.0257729
0.798 0.0266305
0.799 0.027465
0.8 0.0282761
0.801 0.0290634
0.802 0.0298268
0.803 0.030566
0.804 0.0312806
0.805 0.0319705
0.806 0.0326356
0.807 0.0332755
0.808 0.0338903
0.809 0.0344797
0.81 0.0350436
0.811 0.0355819
0.812 0.0360946
0.813 0.0365815
0.814 0.0370428
0.815 0.0374783
0.816 0.037888
0.817 0.038272
0.818 0.0386304
0.819 0.0389631
0.82 0.0392702
0.821 0.039552
0.822 0.0398084
0.823 0.0400396
0.824 0.0402457
0.825 0.040427
0.826 0.0405836
0.827 0.0407157
0.828 0.0408235
0.829 0.0409073
0.83 0.0409672
0.831 0.0410036
0.832 0.0410168
0.833 0.041007
0.834 0.0409745
0.835 0.0409196
0.836 0.0408428
0.837 0.0407442
0.838 0.0406243
0.839 0.0404835
0.84 0.0403221
0.841 0.0401404
0.842 0.039939
0.843 0.0397182
0.844 0.0394783
0.845 0.03922
0.846 0.0389435
0.847 0.0386493
0.848 0.0383379
0.849 0.0380097
0.85 0.0376652
0.851 0.0373049
0.852 0.0369292
0.853 0.0365386
0.854 0.0361336
0.855 0.0357147
0.856 0.0352823
0.857 0.034837
0.858 0.0343792
0.859 0.0339096
0.86 0.0334284
0.861 0.0329364
0.862 0.0324339
0.863 0.0319215
0.864 0.0313997
0.865 0.0308689
0.866 0.0303297
0.867 0.0297827
0.868 0.0292282
0.869 0.0286668
0.87 0.028099
0.871 0.0275253
0.872 0.0269462
0.873 0.0263622
0.874 0.0257737
0.875 0.0251812
0.876 0.0245853
0.877 0.0239864
0.878 0.0233849
0.879 0.0227814
0.88 0.0221762
0.881 0.0215699
0.882 0.0209628
0.883 0.0203555
0.884 0.0197484
0.885 0.0191419
0.886 0.0185363
0.887 0.0179323
0.888 0.01733
0.889 0.01673
0.89 0.0161327
0.891 0.0155383
0.892 0.0149474
0.893 0.0143602
0.894 0.0137772
0.895 0.0131987
0.896 0.0126251
0.897 0.0120566
0.898 0.0114936
0.899 0.0109365
0.9 0.0103855
0.901 0.00984103
0.902 0.00930329
0.903 0.00877261
0.904 0.00824925
0.905 0.0077335
0.906 0.00722563
0.907 0.00672588
0.908 0.00623451
0.909 0.00575175
0.91 0.00527785
0.911 0.00481301
0.912 0.00435746
0.913 0.00391141
0.914 0.00347504
0.915 0.00304856
0.916 0.00263215
0.917 0.00222598
0.918 0.00183021
0.919 0.00144502
0.92 0.00107054
0.921 0.000706929
0.922 0.00035432
0.923 1.28429e-05
0.924 0.00031738
0.925 0.000636233
0.926 0.000943607
0.927 0.0012394
0.928 0.00152352
0.929 0.00179587
0.93 0.00205638
0.931 0.00230497
0.932 0.00254157
0.933 0.00276611
0.934 0.00297855
0.935 0.00317882
0.936 0.00336689
0.937 0.00354271
0.938 0.00370625
0.939 0.00385748
0.94 0.00399638
0.941 0.00412293
0.942 0.00423712
0.943 0.00433893
0.944 0.00442838
0.945 0.00450545
0.946 0.00457016
0.947 0.00462251
0.948 0.00466253
0.949 0.00469024
0.95 0.00470565
0.951 0.0047088
0.952 0.00469972
0.953 0.00467845
0.954 0.00464503
0.955 0.0045995
0.956 0.00454192
0.957 0.00447234
0.958 0.00439082
0.959 0.00429742
0.96 0.00419219
0.961 0.00407522
0.962 0.00394657
0.963 0.00380632
0.964 0.00365456
0.965 0.00349135
0.966 0.00331679
0.967 0.00313097
0.968 0.00293399
0.969 0.00272593
0.97 0.00250691
0.971 0.00227702
0.972 0.00203637
0.973 0.00178508
0.974 0.00152325
0.975 0.00125101
0.976 0.000968479
0.977 0.00067578
0.978 0.000373042
0.979 6.03968e-05
0.98 0.000262021
0.981 0.000594072
0.982 0.000935615
0.983 0.0012865
0.984 0.00164659
0.985 0.00201572
0.986 0.00239373
0.987 0.00278047
0.988 0.00317578
0.989 0.00357949
0.99 0.00399142
0.991 0.00441141
0.992 0.00483927
0.993 0.00527483
0.994 0.0057179
0.995 0.0061683
0.996 0.00662582
0.997 0.00709028
0.998 0.00756148
0.999 0.00803922
