0 0.650349
0.001 0.650066
0.002 0.649217
0.003 0.647801
0.004 0.64582
0.005 0.643275
0.006 0.640166
0.007 0.636495
0.008 0.632263
0.009 0.627472
0.01 0.622124
0.011 0.616222
0.012 0.609767
0.013 0.602763
0.014 0.595212
0.015 0.587117
0.016 0.578482
0.017 0.56931
0.018 0.559606
0.019 0.549372
0.02 0.538614
0.021 0.527335
0.022 0.515541
0.023 0.503236
0.024 0.490425
0.025 0.477114
0.026 0.463308
0.027 0.449012
0.028 0.434233
0.029 0.418976
0.03 0.403247
0.031 0.387054
0.032 0.370403
0.033 0.353299
0.034 0.335751
0.035 0.317766
0.036 0.29935
0.037 0.280511
0.038 0.261257
0.039 0.241595
0.04 0.221534
0.041 0.201081
0.042 0.180244
0.043 0.159032
0.044 0.137454
0.045 0.115517
0.046 0.093231
0.047 0.0706042
0.048 0.0476458
0.049 0.0243647
0.05 0.000770182
0.051 0.0231285
0.052 0.047322
0.053 0.0718008
0.054 0.0965554
0.055 0.121576
0.056 0.146853
0.057 0.172377
0.058 0.198137
0.059 0.224125
0.06 0.250329
0.061 0.276739
0.062 0.303346
0.063 0.33014
0.064 0.357109
0.065 0.384245
0.066 0.411536
0.067 0.438972
0.068 0.466543
0.069 0.494238
0.07 0.522048
0.071 0.549961
0.072 0.577967
0.073 0.606055
0.074 0.634216
0.075 0.662438
0.076 0.690712
0.077 0.719026
0.078 0.747371
0.079 0.775735
0.08 0.804109
0.081 0.832482
0.082 0.860843
0.083 0.889183
0.084 0.917491
0.085 0.945757
0.086 0.97397
0.087 1.00212
0.088 1.0302
0.089 1.05819
0.09 1.08609
0.091 1.11389
0.092 1.14158
0.093 1.16914
0.094 1.19657
0.095 1.22386
0.096 1.251
0.097 1.27798
0.098 1.30478
0.099 1.33141
0.1 1.35784
0.101 1.38408
0.102 1.4101
0.103 1.43592
0.104 1.4615
0.105 1.48685
0.106 1.51196
0.107 1.53681
0.108 1.56141
0.109 1.58573
0.11 1.60978
0.111 1.63354
0.112 1.65701
0.113 1.68017
0.114 1.70303
0.115 1.72557
0.116 1.74778
0.117 1.76966
0.118 1.7912
0.119 1.81239
0.12 1.83323
0.121 1.85371
0.122 1.87382
0.123 1.89355
0.124 1.91291
0.125 1.93187
0.126 1.95044
0.127 1.96861
0.128 1.98637
0.129 2.00373
0.13 2.02066
0.131 2.03717
0.132 2.05325
0.133 2.06889
0.134 2.0841
0.135 2.09886
0.136 2.11317
0.137 2.12703
0.138 2.14043
0.139 2.15336
0.14 2.16583
0.141 2.17783
0.142 2.18935
0.143 2.20039
0.144 2.21095
0.145 2.22103
0.146 2.23061
0.147 2.23971
0.148 2.24831
0.149 2.25641
0.15 2.26401
0.151 2.2711
0.152 2.2777
0.153 2.28378
0.154 2.28936
0.155 2.29442
0.156 2.29898
0.157 2.30302
0.158 2.30654
0.159 2.30955
0.16 2.31204
0.161 2.31402
0.162 2.31547
0.163 2.31641
0.164 2.31683
0.165 2.31673
0.166 2.31611
0.167 2.31498
0.168 2.31333
0.169 2.31116
0.17 2.30847
0.171 2.30527
0.172 2.30156
0.173 2.29733
0.174 2.29259
0.175 2.28735
0.176 2.2816
0.177 2.27534
0.178 2.26858
0.179 2.26132
0.18 2.25356
0.181 2.24531
0.182 2.23657
0.183 2.22733
0.184 2.21762
0.185 2.20742
0.186 2.19674
0.187 2.18558
0.188 2.17396
0.189 2.16187
0.19 2.14932
0.191 2.13631
0.192 2.12285
0.193 2.10893
0.194 2.09458
0.195 2.07979
0.196 2.06456
0.197 2.04891
0.198 2.03283
0.199 2.01634
0.2 1.99943
0.201 1.98212
0.202 1.96442
0.203 1.94632
0.204 1.92783
0.205 1.90896
0.206 1.88972
0.207 1.87012
0.208 1.85015
0.209 1.82984
0.21 1.80917
0.211 1.78817
0.212 1.76684
0.213 1.74519
0.214 1.72322
0.215 1.70094
0.216 1.67836
0.217 1.65549
0.218 1.63234
0.219 1.6089
0.22 1.58521
0.221 1.56125
0.222 1.53704
0.223 1.51259
0.224 1.4879
0.225 1.46299
0.226 1.43786
0.227 1.41252
0.228 1.38698
0.229 1.36125
0.23 1.33534
0.231 1.30926
0.232 1.28301
0.233 1.25661
0.234 1.23006
0.235 1.20338
0.236 1.17657
0.237 1.14964
0.238 1.1226
0.239 1.09546
0.24 1.06823
0.241 1.04092
0.242 1.01354
0.243 0.986092
0.244 0.958593
0.245 0.931049
0.246 0.90347
0.247 0.875865
0.248 0.848243
0.249 0.820614
0.25 0.792987
0.251 0.765371
0.252 0.737774
0.253 0.710206
0.254 0.682677
0.255 0.655195
0.256 0.627768
0.257 0.600407
0.258 0.573119
0.259 0.545914
0.26 0.5188
0.261 0.491785
0.262 0.46488
0.263 0.438091
0.264 0.411428
0.265 0.384898
0.266 0.35851
0.267 0.332273
0.268 0.306194
0.269 0.280281
0.27 0.254542
0.271 0.228985
0.272 0.203617
0.273 0.178447
0.274 0.153482
0.275 0.128728
0.276 0.104194
0.277 0.0798864
0.278 0.0558121
0.279 0.0319781
0.28 0.00839119
0.281 0.014942
0.282 0.038015
0.283 0.0608214
0.284 0.0833549
0.285 0.10561
0.286 0.127579
0.287 0.149258
0.288 0.170641
0.289 0.191721
0.29 0.212494
0.291 0.232954
0.292 0.253097
0.293 0.272917
0.294 0.292409
0.295 0.311569
0.296 0.330393
0.297 0.348875
0.298 0.367012
0.299 0.384799
0.3 0.402234
0.301 0.419311
0.302 0.436028
0.303 0.452381
0.304 0.468366
0.305 0.483982
0.306 0.499223
0.307 0.514089
0.308 0.528576
0.309 0.542682
0.31 0.556404
0.311 0.56974
0.312 0.582689
0.313 0.595248
0.314 0.607415
0.315 0.61919
0.316 0.63057
0.317 0.641555
0.318 0.652144
0.319 0.662334
0.32 0.672127
0.321 0.681521
0.322 0.690515
0.323 0.69911
0.324 0.707304
0.325 0.715099
0.326 0.722494
0.327 0.72949
0.328 0.736086
0.329 0.742284
0.33 0.748084
0.331 0.753487
0.332 0.758494
0.333 0.763107
0.334 0.767325
0.335 0.771151
0.336 0.774586
0.337 0.777632
0.338 0.780291
0.339 0.782564
0.34 0.784454
0.341 0.785962
0.342 0.787091
0.343 0.787844
0.344 0.788222
0.345 0.788229
0.346 0.787867
0.347 0.78714
0.348 0.786049
0.349 0.784598
0.35 0.782791
0.351 0.78063
0.352 0.778119
0.353 0.775261
0.354 0.772061
0.355 0.768521
0.356 0.764646
0.357 0.760439
0.358 0.755905
0.359 0.751047
0.36 0.745869
0.361 0.740376
0.362 0.734573
0.363 0.728463
0.364 0.722051
0.365 0.715341
0.366 0.708338
0.367 0.701048
0.368 0.693474
0.369 0.685621
0.37 0.677495
0.371 0.6691
0.372 0.660442
0.373 0.651525
0.374 0.642355
0.375 0.632936
0.376 0.623275
0.377 0.613376
0.378 0.603245
0.379 0.592887
0.38 0.582308
0.381 0.571513
0.382 0.560507
0.383 0.549297
0.384 0.537888
0.385 0.526286
0.386 0.514496
0.387 0.502524
0.388 0.490375
0.389 0.478057
0.39 0.465573
0.391 0.452931
0.392 0.440136
0.393 0.427194
0.394 0.414111
0.395 0.400893
0.396 0.387545
0.397 0.374074
0.398 0.360486
0.399 0.346786
0.4 0.33298
0.401 0.319076
0.402 0.305077
0.403 0.290991
0.404 0.276823
0.405 0.26258
0.406 0.248267
0.407 0.23389
0.408 0.219455
0.409 0.204968
0.41 0.190435
0.411 0.175862
0.412 0.161255
0.413 0.146619
0.414 0.131961
0.415 0.117286
0.416 0.102599
0.417 0.0879077
0.418 0.0732165
0.419 0.0585313
0.42 0.0438579
0.421 0.0292017
0.422 0.0145685
0.423 3.62871e-05
0.424 0.0146072
0.425 0.0291387
0.426 0.0436256
0.427 0.0580623
0.428 0.0724436
0.429 0.0867643
0.43 0.101019
0.431 0.115203
0.432 0.129311
0.433 0.143338
0.434 0.157279
0.435 0.171129
0.436 0.184883
0.437 0.198536
0.438 0.212085
0.439 0.225523
0.44 0.238848
0.441 0.252053
0.442 0.265135
0.443 0.278089
0.444 0.290912
0.445 0.303599
0.446 0.316145
0.447 0.328547
0.448 0.340801
0.449 0.352904
0.45 0.36485
0.451 0.376637
0.452 0.388262
0.453 0.399719
0.454 0.411007
0.455 0.422122
0.456 0.433061
0.457 0.44382
0.458 0.454396
0.459 0.464787
0.46 0.47499
0.461 0.485001
0.462 0.494819
0.463 0.504441
0.464 0.513864
0.465 0.523087
0.466 0.532106
0.467 0.540919
0.468 0.549526
0.469 0.557923
0.47 0.566109
0.471 0.574082
0.472 0.58184
0.473 0.589383
0.474 0.596708
0.475 0.603815
0.476 0.610702
0.477 0.617368
0.478 0.623811
0.479 0.630032
0.48 0.63603
0.481 0.641803
0.482 0.647351
0.483 0.652674
0.484 0.657772
0.485 0.662643
0.486 0.667288
0.487 0.671707
0.488 0.6759
0.489 0.679867
0.49 0.683608
0.491 0.687124
0.492 0.690415
0.493 0.693481
0.494 0.696324
0.495 0.698943
0.496 0.701341
0.497 0.703516
0.498 0.705472
0.499 0.707208
0.5 0.708727
0.501 0.710028
0.502 0.711114
0.503 0.711986
0.504 0.712646
0.505 0.713095
0.506 0.713334
0.507 0.713366
0.508 0.713193
0.509 0.712816
0.51 0.712237
0.511 0.711459
0.512 0.710483
0.513 0.709312
0.514 0.707948
0.515 0.706393
0.516 0.70465
0.517 0.702722
0.518 0.70061
0.519 0.698317
0.52 0.695847
0.521 0.693201
0.522 0.690382
0.523 0.687394
0.524 0.684238
0.525 0.680919
0.526 0.677438
0.527 0.673799
0.528 0.670005
0.529 0.666059
0.53 0.661964
0.531 0.657723
0.532 0.653339
0.533 0.648815
0.534 0.644155
0.535 0.639362
0.536 0.634438
0.537 0.629389
0.538 0.624215
0.539 0.618922
0.54 0.613512
0.541 0.607989
0.542 0.602356
0.543 0.596616
0.544 0.590772
0.545 0.584829
0.546 0.57879
0.547 0.572657
0.548 0.566435
0.549 0.560126
0.55 0.553734
0.551 0.547263
0.552 0.540715
0.553 0.534095
0.554 0.527405
0.555 0.520649
0.556 0.51383
0.557 0.506952
0.558 0.500018
0.559 0.493031
0.56 0.485994
0.561 0.478911
0.562 0.471785
0.563 0.464619
0.564 0.457416
0.565 0.45018
0.566 0.442914
0.567 0.43562
0.568 0.428302
0.569 0.420962
0.57 0.413605
0.571 0.406233
0.572 0.398848
0.573 0.391454
0.574 0.384054
0.575 0.37665
0.576 0.369246
0.577 0.361844
0.578 0.354447
0.579 0.347057
0.58 0.339678
0.581 0.332311
0.582 0.32496
0.583 0.317627
0.584 0.310315
0.585 0.303026
0.586 0.295762
0.587 0.288526
0.588 0.28132
0.589 0.274147
0.59 0.267008
0.591 0.259907
0.592 0.252845
0.593 0.245824
0.594 0.238846
0.595 0.231914
0.596 0.225029
0.597 0.218194
0.598 0.21141
0.599 0.204679
0.6 0.198003
0.601 0.191384
0.602 0.184823
0.603 0.178323
0.604 0.171884
0.605 0.165508
0.606 0.159197
0.607 0.152953
0.608 0.146777
0.609 0.14067
0.61 0.134633
0.611 0.128668
0.612 0.122777
0.613 0.11696
0.614 0.111219
0.615 0.105554
0.616 0.0999674
0.617 0.0944595
0.618 0.0890316
0.619 0.0836845
0.62 0.0784192
0.621 0.0732366
0.622 0.0681375
0.623 0.0631227
0.624 0.0581929
0.625 0.0533488
0.626 0.0485912
0.627 0.0439206
0.628 0.0393376
0.629 0.0348428
0.63 0.0304366
0.631 0.0261196
0.632 0.0218921
0.633 0.0177545
0.634 0.0137071
0.635 0.00975029
0.636 0.00588428
0.637 0.0021093
0.638 0.00157447
0.639 0.00516688
0.64 0.00866784
0.641 0.0120773
0.642 0.0153951
0.643 0.0186215
0.644 0.0217563
0.645 0.0247996
0.646 0.0277517
0.647 0.0306126
0.648 0.0333825
0.649 0.0360616
0.65 0.0386502
0.651 0.0411487
0.652 0.0435572
0.653 0.0458762
0.654 0.048106
0.655 0.0502471
0.656 0.0523
0.657 0.054265
0.658 0.0561428
0.659 0.0579339
0.66 0.0596389
0.661 0.0612583
0.662 0.0627928
0.663 0.0642432
0.664 0.06561
0.665 0.066894
0.666 0.068096
0.667 0.0692167
0.668 0.070257
0.669 0.0712177
0.67 0.0720997
0.671 0.0729038
0.672 0.0736309
0.673 0.0742821
0.674 0.0748582
0.675 0.0753603
0.676 0.0757893
0.677 0.0761463
0.678 0.0764324
0.679 0.0766485
0.68 0.0767959
0.681 0.0768756
0.682 0.0768888
0.683 0.0768366
0.684 0.0767201
0.685 0.0765407
0.686 0.0762994
0.687 0.0759975
0.688 0.0756362
0.689 0.0752169
0.69 0.0747407
0.691 0.0742089
0.692 0.0736228
0.693 0.0729838
0.694 0.0722932
0.695 0.0715522
0.696 0.0707622
0.697 0.0699246
0.698 0.0690407
0.699 0.0681119
0.7 0.0671395
0.701 0.0661249
0.702 0.0650695
0.703 0.0639747
0.704 0.0628419
0.705 0.0616724
0.706 0.0604677
0.707 0.0592291
0.708 0.057958
0.709 0.0566559
0.71 0.0553241
0.711 0.053964
0.712 0.052577
0.713 0.0511645
0.714 0.0497278
0.715 0.0482684
0.716 0.0467877
0.717 0.0452868
0.718 0.0437674
0.719 0.0422305
0.72 0.0406778
0.721 0.0391103
0.722 0.0375295
0.723 0.0359367
0.724 0.0343332
0.725 0.0327202
0.726 0.031099
0.727 0.0294709
0.728 0.0278371
0.729 0.0261989
0.73 0.0245574
0.731 0.0229139
0.732 0.0212694
0.733 0.0196253
0.734 0.0179826
0.735 0.0163424
0.736 0.0147059
0.737 0.0130741
0.738 0.011448
0.739 0.00982885
0.74 0.00821749
0.741 0.00661498
0.742 0.00502227
0.743 0.00344034
0.744 0.00187009
0.745 0.000312439
0.746 0.00123173
0.747 0.00276158
0.748 0.00427625
0.749 0.00577496
0.75 0.00725692
0.751 0.00872137
0.752 0.0101676
0.753 0.0115949
0.754 0.0130025
0.755 0.0143899
0.756 0.0157564
0.757 0.0171013
0.758 0.0184243
0.759 0.0197245
0.76 0.0210017
0.761 0.0222552
0.762 0.0234846
0.763 0.0246895
0.764 0.0258694
0.765 0.0270239
0.766 0.0281528
0.767 0.0292556
0.768 0.030332
0.769 0.0313818
0.77 0.0324047
0.771 0.0334004
0.772 0.0343688
0.773 0.0353096
0.774 0.0362227
0.775 0.037108
0.776 0.0379653
0.777 0.0387946
0.778 0.0395957
0.779 0.0403687
0.78 0.0411135
0.781 0.0418302
0.782 0.0425186
0.783 0.043179
0.784 0.0438112
0.785 0.0444155
0.786 0.0449919
0.787 0.0455406
0.788 0.0460616
0.789 0.0465551
0.79 0.0470214
0.791 0.0474606
0.792 0.0478728
0.793 0.0482584
0.794 0.0486176
0.795 0.0489506
0.796 0.0492577
0.797 0.0495391
0.798 0.0497953
0.799 0.0500264
0.8 0.0502328
0.801 0.0504149
0.802 0.0505729
0.803 0.0507073
0.804 0.0508183
0.805 0.0509065
0.806 0.050972
0.807 0.0510155
0.808 0.0510371
0.809 0.0510375
0.81 0.0510168
0.811 0.0509757
0.812 0.0509145
0.813 0.0508336
0.814 0.0507335
0.815 0.0506145
0.816 0.0504773
0.817 0.0503221
0.818 0.0501495
0.819 0.0499599
0.82 0.0497538
0.821 0.0495315
0.822 0.0492936
0.823 0.0490406
0.824 0.0487728
0.825 0.0484908
0.826 0.048195
0.827 0.0478858
0.828 0.0475638
0.829 0.0472293
0.83 0.0468828
0.831 0.0465249
0.832 0.0461558
0.833 0.0457761
0.834 0.0453862
0.835 0.0449866
0.836 0.0445776
0.837 0.0441598
0.838 0.0437336
0.839 0.0432993
0.84 0.0428574
0.841 0.0424084
0.842 0.0419526
0.843 0.0414904
0.844 0.0410223
0.845 0.0405486
0.846 0.0400699
0.847 0.0395863
0.848 0.0390984
0.849 0.0386065
0.85 0.0381109
0.851 0.0376122
0.852 0.0371105
0.853 0.0366064
0.854 0.0361001
0.855 0.0355919
0.856 0.0350824
0.857 0.0345716
0.858 0.0340601
0.859 0.0335482
0.86 0.033036
0.861 0.0325241
0.862 0.0320127
0.863 0.031502
0.864 0.0309925
0.865 0.0304844
0.866 0.029978
0.867 0.0294735
0.868 0.0289713
0.869 0.0284717
0.87 0.0279749
0.871 0.0274811
0.872 0.0269907
0.873 0.026504
0.874 0.026021
0.875 0.0255422
0.876 0.0250678
0.877 0.0245979
0.878 0.0241329
0.879 0.0236729
0.88 0.0232183
0.881 0.0227691
0.882 0.0223257
0.883 0.0218882
0.884 0.0214569
0.885 0.0210319
0.886 0.0206135
0.887 0.0202019
0.888 0.0197972
0.889 0.0193997
0.89 0.0190095
0.891 0.0186268
0.892 0.0182518
0.893 0.0178847
0.894 0.0175256
0.895 0.0171747
0.896 0.0168321
0.897 0.0164981
0.898 0.0161727
0.899 0.0158561
0.9 0.0155485
0.901 0.01525
0.902 0.0149607
0.903 0.0146807
0.904 0.0144103
0.905 0.0141494
0.906 0.0138983
0.907 0.013657
0.908 0.0134256
0.909 0.0132043
0.91 0.0129931
0.911 0.0127921
0.912 0.0126015
0.913 0.0124212
0.914 0.0122514
0.915 0.0120922
0.916 0.0119436
0.917 0.0118057
0.918 0.0116784
0.919 0.011562
0.92 0.0114564
0.921 0.0113616
0.922 0.0112778
0.923 0.0112048
0.924 0.0111428
0.925 0.0110917
0.926 0.0110515
0.927 0.0110224
0.928 0.0110041
0.929 0.0109968
0.93 0.0110004
0.931 0.0110149
0.932 0.0110402
0.933 0.0110764
0.934 0.0111233
0.935 0.0111809
0.936 0.0112492
0.937 0.011328
0.938 0.0114174
0.939 0.0115172
0.94 0.0116273
0.941 0.0117476
0.942 0.0118781
0.943 0.0120187
0.944 0.0121691
0.945 0.0123293
0.946 0.0124992
0.947 0.0126786
0.948 0.0128673
0.949 0.0130653
0.95 0.0132724
0.951 0.0134883
0.952 0.0137129
0.953 0.0139461
0.954 0.0141877
0.955 0.0144374
0.956 0.0146951
0.957 0.0149606
0.958 0.0152336
0.959 0.0155139
0.96 0.0158014
0.961 0.0160957
0.962 0.0163967
0.963 0.0167042
0.964 0.0170178
0.965 0.0173373
0.966 0.0176625
0.967 0.0179931
0.968 0.0183289
0.969 0.0186696
0.97 0.0190149
0.971 0.0193646
0.972 0.0197183
0.973 0.0200759
0.974 0.0204369
0.975 0.0208012
0.976 0.0211684
0.977 0.0215383
0.978 0.0219106
0.979 0.0222849
0.98 0.022661
0.981 0.0230386
0.982 0.0234175
0.983 0.0237972
0.984 0.0241775
0.985 0.0245581
0.986 0.0249387
0.987 0.0253191
0.988 0.0256989
0.989 0.0260778
0.99 0.0264556
0.991 0.0268319
0.992 0.0272065
0.993 0.0275791
0.994 0.0279494
0.995 0.0283172
0.996 0.0286821
0.997 0.0290438
0.998 0.0294022
0.999 0.029757
