#
#Dehydration results for DLPC from Berger force field. Simulation data delivered by Matej Kanduc:
#
#http://dx.doi.org/10.5281/zenodo.16295
#http://dx.doi.org/10.5281/zenodo.16294
#http://dx.doi.org/10.5281/zenodo.16293
#http://dx.doi.org/10.5281/zenodo.16292
#http://dx.doi.org/10.5281/zenodo.16291
#http://dx.doi.org/10.5281/zenodo.16289
#http://dx.doi.org/10.5281/zenodo.16287
#
#Analysis done with scripts
#*waterPERpc/downloadFILES.sh
#make402tpr.sh
#*waterPERpc/calcORDPwithERROR.sh


4 0.0486742
8 0.0582456
12 0.0452419
16 0.0472951
20 0.0461406
24 0.0468122
28 0.0299336
 
4 0.126832
8 0.0862121
12 0.0529865
16 0.0414832
20 0.0569433
24 0.0520678
28 0.054069
 
4 0.133843
8 0.0876019
12 0.0964029
16 0.0981011
20 0.082265
24 0.0914713
28 0.0919071
 
4 0.155947
8 0.189876
12 0.136903
16 0.14879
20 0.153701
24 0.144456
28 0.12895
 
4 -0.16271
8 -0.216086
12 -0.159697
16 -0.190781
20 -0.185704
24 -0.180515
28 -0.178074
 
4 -0.23721
8 -0.2462
12 -0.262838
16 -0.254978
20 -0.259971
24 -0.269953
28 -0.266003
 
4 -0.180135
8 -0.207994
12 -0.152631
16 -0.173415
20 -0.157667
24 -0.155262
28 -0.158753
 
4 0.0267822
8 0.127149
12 0.180312
16 0.154718
20 0.175346
24 0.177425
28 0.182108
 
4 0.0495983
8 0.125591
12 0.0772867
16 0.10429
20 0.100227
24 0.0887606
28 0.0886872
 
